81 101	81 121
82 102	82 122
83 104	83 123
84 105	84 124
85 106	85 124
87 107	87 125
88 109	88 127
89 110	89 127
90 111	90 128
91 112	91 129
92 114	92 130
93 115	93 131
94 116	94 132
95 117	95 132
96 119	96 134
97 120	97 135
98 121	98 135
99 122	99 136
100 124	100 137
101 125	101 138
102 126	102 139
103 127	103 140
104 129	104 141
105 130	105 142
106 131	106 142
107 132	107 143
108 134	108 145
109 135	109 145
110 136	110 146
111 137	111 147
112 139	112 148
113 140	113 149
114 141	114 150
115 143	115 151
116 144	116 152
117 145	117 153
118 146	118 153
119 148	119 155
120 149	120 155
121 150	121 156
122 151	122 157
123 153	123 158
124 154	124 159
125 155	125 160
126 156	126 160
127 158	127 162
128 159	128 163
130 160	130 163
131 161	131 164
132 163	132 166
133 164	133 166
134 165	134 167
135 166	135 168
136 168	136 169
137 169	137 170
138 170	138 171
139 171	139 171
140 173	140 173
141 174	141 173
142 175	142 174
143 176	143 175
144 178	144 176
145 179	145 177
146 180	146 178
147 181	147 179
148 183	148 180
149 184	149 181
150 185	150 181
151 186	151 182
152 188	152 184
153 189	153 184
154 190	154 185
155 191	155 186
156 193	156 187
157 194	157 188
158 195	158 189
159 196	159 189
160 198	160 191
161 199	161 192
162 200	162 192
163 201	163 193
164 203	164 195
165 204	165 195
166 205	166 196
167 206	167 197
168 208	168 198
169 209	169 199
170 210	170 200
171 211	171 200
173 213	173 202
174 214	174 203
175 215	175 203
176 216	176 204
177 218	177 206
178 219	178 206
179 220	179 207
180 221	180 208
181 223	181 209
182 224	182 210
183 225	183 211
184 226	184 211
185 228	185 213
186 229	186 214
187 230	187 214
188 231	188 215
189 233	189 216
190 234	190 217
191 235	191 218
192 236	192 219
193 238	193 220
194 239	194 221
195 240	195 222
196 241	196 222
197 243	197 224
198 244	198 225
199 245	199 225
200 246	200 226
201 248	201 227
202 249	202 228
203 250	203 229
204 251	204 230
205 253	205 231
206 254	206 232
207 255	207 233
208 256	208 233
209 258	209 235
210 259	210 236
211 260	211 236
212 261	212 237
213 263	213 238
214 264	214 239
216 265	216 240
217 266	217 241
218 268	218 242
219 269	219 243
220 270	220 244
221 271	221 244
222 273	222 246
223 274	223 247
224 275	224 247
225 276	225 248
226 278	226 249
227 279	227 250
228 280	228 251
229 281	229 252
230 283	230 253
231 284	231 254
232 285	232 255
233 286	233 255
234 288	234 257
235 289	235 258
236 290	236 258
237 291	237 259
238 293	238 261
239 294	239 261
240 295	240 262
241 296	241 263
242 298	242 264
243 299	243 265
244 300	244 266
245 301	245 266
246 303	246 268
247 304	247 269
248 305	248 269
249 306	249 270
250 308	250 272
251 309	251 272
252 310	252 273
253 311	253 274
254 313	254 275
255 314	255 276
256 315	256 277
257 316	257 278
259 318	259 279
260 319	260 280
261 320	261 280
262 321	262 281
263 322	263 282
264 324	264 283
265 325	265 284
266 326	266 285
267 327	267 286
268 329	268 287
269 330	269 288
270 331	270 289
271 332	271 289
272 334	272 291
273 335	273 292
274 336	274 292
275 337	275 293
276 339	276 295
277 340	277 295
278 341	278 296
279 342	279 297
280 344	280 298
281 345	281 299
282 346	282 300
283 347	283 301
284 349	284 302
285 350	285 303
286 351	286 303
287 352	287 304
288 354	288 306
289 355	289 306
290 356	290 307
291 357	291 308
292 359	292 309
293 360	293 310
294 361	294 311
295 362	295 312
296 364	296 313
297 365	297 314
298 366	298 315
299 367	299 315
300 369	300 317
302 370	302 318
303 371	303 318
304 372	304 319
305 374	305 321
306 375	306 321
307 376	307 322
308 377	308 323
309 379	309 324
310 380	310 325
311 381	311 326
312 382	312 327
313 384	313 328
314 385	314 329
315 386	315 330
316 387	316 330
317 389	317 332
318 390	318 333
319 391	319 333
320 392	320 334
321 394	321 336
322 395	322 336
323 396	323 337
324 397	324 338
325 399	325 339
326 400	326 340
327 401	327 341
328 402	328 342
329 404	329 343
330 405	330 344
331 406	331 345
332 407	332 345
333 409	333 347
334 410	334 348
335 411	335 348
336 412	336 349
337 414	337 351
338 415	338 351
339 416	339 352
340 417	340 353
341 419	341 354
342 420	342 355
343 421	343 356
345 422	345 357
346 424	346 358
347 425	347 359
348 426	348 360
349 427	349 360
350 429	350 362
351 430	351 363
352 431	352 363
353 432	353 364
354 434	354 366
355 435	355 366
356 436	356 367
357 437	357 368
358 439	358 369
359 440	359 370
360 441	360 371
361 442	361 372
362 444	362 373
363 445	363 374
364 446	364 375
365 447	365 375
366 448	366 376
367 450	367 378
368 451	368 378
369 452	369 379
370 453	370 380
371 455	371 381
372 456	372 382
373 457	373 383
374 458	374 384
375 460	375 385
376 461	376 386
377 462	377 387
378 463	378 387
379 465	379 389
380 466	380 390
381 467	381 390
382 468	382 391
383 470	383 393
384 471	384 394
385 472	385 394
386 473	386 395
388 475	388 397
389 476	389 397
390 477	390 398
391 478	391 399
392 480	392 400
393 481	393 401
394 482	394 402
395 483	395 403
396 485	396 404
397 486	397 405
398 487	398 406
399 488	399 406
400 490	400 408
401 491	401 409
402 492	402 409
403 493	403 410
404 495	404 412
405 496	405 412
406 497	406 413
407 498	407 414
408 500	408 415
409 501	409 416
410 502	410 417
411 503	411 418
412 505	412 419
413 506	413 420
414 507	414 421
415 508	415 422
416 510	416 423
417 511	417 424
418 512	418 425
419 513	419 425
420 514	420 426
421 516	421 428
422 517	422 428
423 518	423 429
424 519	424 430
425 521	425 431
426 522	426 432
427 523	427 433
428 524	428 434
429 526	429 435
430 527	430 436
432 528	432 437
433 529	433 438
434 531	434 439
435 532	435 440
436 533	436 441
437 534	437 441
438 536	438 443
439 537	439 444
440 538	440 444
441 539	441 445
442 541	442 447
443 542	443 447
444 543	444 448
445 544	445 449
446 546	446 451
447 547	447 451
448 548	448 452
449 549	449 453
450 551	450 454
451 552	451 455
452 553	452 456
453 554	453 457
454 556	454 458
455 557	455 459
456 558	456 460
457 559	457 460
458 560	458 461
459 562	459 463
460 563	460 464
461 564	461 464
462 565	462 465
463 567	463 467
464 568	464 467
465 569	465 468
466 570	466 469
467 572	467 470
468 573	468 471
469 574	469 472
470 575	470 473
471 577	471 474
472 578	472 475
473 579	473 476
475 580	475 477
476 582	476 478
477 583	477 479
478 584	478 480
479 585	479 480
480 587	480 482
481 588	481 483
482 589	482 484
483 590	483 484
484 592	484 486
485 593	485 487
486 594	486 487
487 595	487 488
488 597	488 490
489 598	489 490
490 599	490 491
491 600	491 492
492 601	492 493
493 603	493 494
494 604	494 495
495 605	495 496
496 606	496 497
497 608	497 498
498 609	498 499
499 610	499 500
500 611	500 500
501 613	501 502
502 614	502 503
503 615	503 504
504 616	504 504
505 618	505 506
506 619	506 507
507 620	507 507
508 621	508 508
509 623	509 510
510 624	510 511
511 625	511 511
512 626	512 512
513 628	513 514
514 629	514 514
515 630	515 515
516 631	516 516
518 633	518 517
519 634	519 518
520 635	520 519
521 636	521 520
522 637	522 521
523 639	523 522
524 640	524 523
525 641	525 524
526 642	526 524
527 644	527 526
528 645	528 527
529 646	529 528
530 647	530 528
531 649	531 530
532 650	532 531
533 651	533 531
534 652	534 532
535 654	535 534
536 655	536 535
537 656	537 535
538 657	538 536
539 659	539 538
540 660	540 538
541 661	541 539
542 662	542 540
543 664	543 541
544 665	544 542
545 666	545 543
546 667	546 544
547 668	547 545
548 670	548 546
549 671	549 547
550 672	550 548
551 673	551 548
552 675	552 550
553 676	553 551
554 677	554 552
555 678	555 552
556 680	556 554
557 681	557 555
558 682	558 556
559 683	559 556
561 685	561 558
562 686	562 559
563 687	563 559
564 688	564 560
565 690	565 562
566 691	566 563
567 692	567 563
568 693	568 564
569 694	569 565
570 696	570 566
571 697	571 567
572 698	572 568
573 699	573 569
574 701	574 570
575 702	575 571
576 703	576 572
577 704	577 573
578 706	578 574
579 707	579 575
580 708	580 576
581 709	581 577
582 711	582 578
583 712	583 579
584 713	584 580
585 714	585 580
586 716	586 582
587 717	587 583
588 718	588 584
589 719	589 584
590 720	590 585
591 722	591 587
592 723	592 588
593 724	593 588
594 725	594 589
595 727	595 591
596 728	596 591
597 729	597 592
598 730	598 593
599 732	599 595
600 733	600 595
601 734	601 596
602 735	602 597
604 737	604 599
605 738	605 599
606 739	606 600
607 740	607 601
608 741	608 602
609 743	609 603
610 744	610 604
611 745	611 605
612 746	612 606
613 748	613 607
614 749	614 608
615 750	615 609
616 751	616 610
617 753	617 611
618 754	618 612
619 755	619 613
620 756	620 613
621 758	621 615
622 759	622 616
623 760	623 617
624 761	624 617
625 763	625 619
626 764	626 620
627 765	627 621
628 766	628 621
629 767	629 622
630 769	630 624
631 770	631 624
632 771	632 625
633 772	633 626
634 774	634 628
635 775	635 628
636 776	636 629
637 777	637 630
638 779	638 632
639 780	639 632
640 781	640 633
641 782	641 634
642 784	642 636
643 785	643 636
644 786	644 637
645 787	645 638
647 788	647 639
648 790	648 640
649 791	649 641
650 792	650 642
651 793	651 643
652 795	652 644
653 796	653 645
654 797	654 646
655 798	655 647
656 800	656 648
657 801	657 649
658 802	658 650
659 803	659 651
660 804	660 651
661 806	661 653
662 807	662 654
663 808	663 654
664 809	664 655
665 811	665 657
666 812	666 658
667 813	667 658
668 814	668 659
669 816	669 661
670 817	670 662
671 818	671 662
672 819	672 663
673 821	673 665
674 822	674 666
675 823	675 666
676 824	676 667
677 825	677 668
678 827	678 670
679 828	679 670
680 829	680 671
681 830	681 672
682 832	682 674
683 833	683 674
684 834	684 675
685 835	685 676
686 837	686 678
687 838	687 678
688 839	688 679
690 840	690 680
691 841	691 681
692 843	692 682
693 844	693 683
694 845	694 684
695 846	695 685
696 848	696 686
697 849	697 687
698 850	698 688
699 851	699 689
700 853	700 690
701 854	701 691
702 855	702 692
703 856	703 693
704 857	704 693
705 859	705 695
706 860	706 696
707 861	707 697
708 862	708 697
709 864	709 699
710 865	710 700
711 866	711 701
712 867	712 701
713 869	713 703
714 870	714 704
715 871	715 705
716 872	716 705
717 873	717 706
718 875	718 708
719 876	719 709
720 877	720 709
721 878	721 710
722 880	722 712
723 881	723 713
724 882	724 713
725 883	725 714
726 885	726 716
727 886	727 717
728 887	728 717
729 888	729 718
730 889	730 719
731 891	731 721
733 892	733 721
734 893	734 722
735 894	735 723
736 896	736 725
737 897	737 725
738 898	738 726
739 899	739 727
740 901	740 729
741 902	741 729
742 903	742 730
743 904	743 731
744 905	744 732
745 907	745 733
746 908	746 734
747 909	747 735
748 910	748 736
749 912	749 737
750 913	750 738
751 914	751 739
752 915	752 740
753 917	753 741
754 918	754 742
755 919	755 743
756 920	756 744
757 921	757 745
758 923	758 746
759 924	759 747
760 925	760 748
761 926	761 749
762 928	762 750
763 929	763 751
764 930	764 752
765 931	765 753
766 932	766 754
767 934	767 755
768 935	768 756
769 936	769 757
770 937	770 758
771 939	771 759
772 940	772 760
773 941	773 761
774 942	774 762
776 944	776 763
777 945	777 764
778 946	778 765
779 947	779 766
780 948	780 766
781 950	781 768
782 951	782 769
783 952	783 770
784 953	784 770
785 955	785 772
786 956	786 773
787 957	787 774
788 958	788 775
789 959	789 775
790 961	790 777
791 962	791 778
792 963	792 779
793 964	793 779
794 966	794 781
795 967	795 782
796 968	796 783
797 969	797 783
798 971	798 785
799 972	799 786
800 973	800 787
801 974	801 787
802 975	802 788
803 977	803 790
804 978	804 791
805 979	805 792
806 980	806 792
807 982	807 794
808 983	808 795
809 984	809 796
810 985	810 796
811 986	811 797
812 988	812 799
813 989	813 800
814 990	814 800
815 991	815 801
816 993	816 803
817 994	817 804
818 995	818 805
820 996	820 805
821 997	821 806
822 999	822 808
823 1000	823 809
824 1001	824 809
825 1002	825 810
826 1004	826 812
827 1005	827 813
828 1006	828 813
829 1007	829 814
830 1008	830 815
831 1010	831 817
832 1011	832 818
833 1012	833 818
834 1013	834 819
835 1015	835 821
836 1016	836 822
837 1017	837 822
838 1018	838 823
839 1019	839 824
840 1021	840 826
841 1022	841 826
842 1023	842 827
843 1024	843 828
844 1026	844 830
845 1027	845 831
846 1028	846 831
847 1029	847 832
848 1030	848 833
849 1032	849 835
850 1033	850 835
851 1034	851 836
852 1035	852 837
853 1037	853 839
854 1038	854 840
855 1039	855 840
856 1040	856 841
857 1041	857 842
858 1043	858 844
859 1044	859 844
860 1045	860 845
861 1046	861 846
863 1048	863 848
864 1049	864 849
865 1050	865 849
866 1051	866 850
867 1052	867 851
868 1054	868 853
869 1055	869 853
870 1056	870 854
871 1057	871 855
872 1059	872 857
873 1060	873 858
874 1061	874 858
875 1062	875 859
876 1063	876 860
877 1065	877 862
878 1066	878 862
879 1067	879 863
880 1068	880 864
881 1070	881 866
882 1071	882 867
883 1072	883 867
884 1073	884 868
885 1074	885 869
886 1076	886 871
887 1077	887 871
888 1078	888 872
889 1079	889 873
890 1081	890 875
891 1082	891 876
892 1083	892 876
893 1084	893 877
894 1085	894 878
895 1087	895 880
896 1088	896 881
897 1089	897 881
898 1090	898 882
899 1092	899 884
900 1093	900 885
901 1094	901 885
902 1095	902 886
903 1096	903 887
904 1098	904 889
906 1099	906 890
907 1100	907 890
908 1101	908 891
909 1102	909 892
910 1104	910 894
911 1105	911 895
912 1106	912 895
913 1107	913 896
914 1109	914 898
915 1110	915 899
916 1111	916 899
917 1112	917 900
918 1113	918 901
919 1115	919 903
920 1116	920 904
921 1117	921 904
922 1118	922 905
923 1120	923 907
924 1121	924 908
925 1122	925 909
926 1123	926 909
927 1124	927 910
928 1126	928 912
929 1127	929 913
930 1128	930 913
931 1129	931 914
932 1130	932 915
933 1132	933 917
934 1133	934 918
935 1134	935 918
936 1135	936 919
937 1137	937 921
938 1138	938 922
939 1139	939 923
940 1140	940 923
941 1141	941 924
942 1143	942 926
943 1144	943 927
944 1145	944 928
945 1146	945 928
946 1147	946 929
947 1149	947 931
949 1150	949 932
950 1151	950 933
951 1152	951 933
952 1154	952 935
953 1155	953 936
954 1156	954 937
955 1157	955 937
956 1158	956 938
957 1160	957 940
958 1161	958 941
959 1162	959 942
960 1163	960 942
961 1165	961 944
962 1166	962 945
963 1167	963 946
964 1168	964 947
965 1169	965 947
966 1171	966 949
967 1172	967 950
968 1173	968 951
969 1174	969 952
970 1175	970 952
971 1177	971 954
972 1178	972 955
973 1179	973 956
974 1180	974 957
975 1181	975 957
976 1183	976 959
977 1184	977 960
978 1185	978 961
979 1186	979 962
980 1188	980 963
981 1189	981 964
982 1190	982 965
983 1191	983 966
984 1192	984 967
985 1194	985 968
986 1195	986 969
987 1196	987 970
988 1197	988 971
989 1198	989 972
990 1200	990 973
992 1201	992 974
993 1202	993 975
994 1203	994 976
995 1205	995 977
996 1206	996 978
997 1207	997 979
998 1208	998 980
999 1209	999 981
1000 1211	1000 982
1001 1212	1001 983
1002 1213	1002 984
1003 1214	1003 985
1004 1215	1004 986
1005 1217	1005 987
1006 1218	1006 988
1007 1219	1007 989
1008 1220	1008 990
1009 1221	1009 991
1010 1223	1010 992
1011 1224	1011 993
1012 1225	1012 994
1013 1226	1013 995
1014 1228	1014 997
1015 1229	1015 997
1016 1230	1016 998
1017 1231	1017 999
1018 1232	1018 1000
1019 1234	1019 1002
1020 1235	1020 1003
1021 1236	1021 1003
1022 1237	1022 1004
1023 1238	1023 1005
1024 1240	1024 1007
1025 1241	1025 1008
1026 1242	1026 1008
1027 1243	1027 1009
1028 1244	1028 1010
1029 1246	1029 1012
1030 1247	1030 1013
1031 1248	1031 1013
1032 1249	1032 1014
1033 1251	1033 1016
1035 1252	1035 1017
1036 1253	1036 1018
1037 1254	1037 1018
1038 1255	1038 1019
1039 1257	1039 1021
1040 1258	1040 1022
1041 1259	1041 1023
1042 1260	1042 1023
1043 1261	1043 1024
1044 1263	1044 1026
1045 1264	1045 1027
1046 1265	1046 1028
1047 1266	1047 1029
1048 1267	1048 1029
1049 1269	1049 1031
1050 1270	1050 1032
1051 1271	1051 1033
1052 1272	1052 1034
1053 1273	1053 1034
1054 1275	1054 1036
1055 1276	1055 1037
1056 1277	1056 1038
1057 1278	1057 1039
1058 1280	1058 1040
1059 1281	1059 1041
1060 1282	1060 1042
1061 1283	1061 1043
1062 1284	1062 1044
1063 1286	1063 1045
1064 1287	1064 1046
1065 1288	1065 1047
1066 1289	1066 1048
1067 1290	1067 1049
1068 1292	1068 1050
1069 1293	1069 1051
1070 1294	1070 1052
1071 1295	1071 1053
1072 1296	1072 1054
1073 1298	1073 1055
1074 1299	1074 1056
1075 1300	1075 1057
1076 1301	1076 1058
1078 1302	1078 1059
1079 1304	1079 1061
1080 1305	1080 1061
1081 1306	1081 1062
1082 1307	1082 1063
1083 1308	1083 1064
1084 1310	1084 1066
1085 1311	1085 1066
1086 1312	1086 1067
1087 1313	1087 1068
1088 1314	1088 1069
1089 1316	1089 1071
1090 1317	1090 1072
1091 1318	1091 1072
1092 1319	1092 1073
1093 1320	1093 1074
1094 1322	1094 1076
1095 1323	1095 1077
1096 1324	1096 1077
1097 1325	1097 1078
1098 1326	1098 1079
1099 1328	1099 1081
1100 1329	1100 1082
1101 1330	1101 1083
1102 1331	1102 1083
1103 1333	1103 1085
1104 1334	1104 1086
1105 1335	1105 1087
1106 1336	1106 1088
1107 1337	1107 1089
1108 1339	1108 1090
1109 1340	1109 1091
1110 1341	1110 1092
1111 1342	1111 1093
1112 1343	1112 1094
1113 1345	1113 1095
1114 1346	1114 1096
1115 1347	1115 1097
1116 1348	1116 1098
1117 1349	1117 1099
1118 1351	1118 1100
1119 1352	1119 1101
1121 1353	1121 1102
1122 1354	1122 1103
1123 1355	1123 1104
1124 1357	1124 1105
1125 1358	1125 1106
1126 1359	1126 1107
1127 1360	1127 1108
1128 1361	1128 1109
1129 1363	1129 1111
1130 1364	1130 1111
1131 1365	1131 1112
1132 1366	1132 1113
1133 1367	1133 1114
1134 1369	1134 1116
1135 1370	1135 1117
1136 1371	1136 1117
1137 1372	1137 1118
1138 1373	1138 1119
1139 1375	1139 1121
1140 1376	1140 1122
1141 1377	1141 1123
1142 1378	1142 1123
1143 1379	1143 1124
1144 1381	1144 1126
1145 1382	1145 1127
1146 1383	1146 1128
1147 1384	1147 1128
1148 1385	1148 1129
1149 1387	1149 1131
1150 1388	1150 1132
1151 1389	1151 1133
1152 1390	1152 1134
1153 1391	1153 1134
1154 1393	1154 1136
1155 1394	1155 1137
1156 1395	1156 1138
1157 1396	1157 1139
1158 1397	1158 1140
1159 1399	1159 1141
1160 1400	1160 1142
1161 1401	1161 1143
1162 1402	1162 1144
1164 1403	1164 1145
1165 1405	1165 1146
1166 1406	1166 1147
1167 1407	1167 1148
1168 1408	1168 1149
1169 1409	1169 1150
1170 1411	1170 1152
1171 1412	1171 1152
1172 1413	1172 1153
1173 1414	1173 1154
1174 1415	1174 1155
1175 1416	1175 1156
1176 1418	1176 1158
1177 1419	1177 1158
1178 1420	1178 1159
1179 1421	1179 1160
1180 1422	1180 1161
1181 1424	1181 1163
1182 1425	1182 1164
1183 1426	1183 1164
1184 1427	1184 1165
1185 1428	1185 1166
1186 1430	1186 1168
1187 1431	1187 1169
1188 1432	1188 1170
1189 1433	1189 1170
1190 1434	1190 1171
1191 1436	1191 1173
1192 1437	1192 1174
1193 1438	1193 1175
1194 1439	1194 1176
1195 1440	1195 1176
1196 1442	1196 1178
1197 1443	1197 1179
1198 1444	1198 1180
1199 1445	1199 1181
1200 1446	1200 1182
1201 1448	1201 1183
1202 1449	1202 1184
1203 1450	1203 1185
1204 1451	1204 1186
1205 1452	1205 1187
1207 1454	1207 1189
1208 1455	1208 1189
1209 1456	1209 1190
1210 1457	1210 1191
1211 1458	1211 1192
1212 1460	1212 1194
1213 1461	1213 1195
1214 1462	1214 1195
1215 1463	1215 1196
1216 1464	1216 1197
1217 1465	1217 1198
1218 1467	1218 1200
1219 1468	1219 1201
1220 1469	1220 1201
1221 1470	1221 1202
1222 1471	1222 1203
1223 1473	1223 1205
1224 1474	1224 1206
1225 1475	1225 1207
1226 1476	1226 1207
1227 1477	1227 1208
1228 1479	1228 1210
1229 1480	1229 1211
1230 1481	1230 1212
1231 1482	1231 1213
1232 1483	1232 1214
1233 1485	1233 1215
1234 1486	1234 1216
1235 1487	1235 1217
1236 1488	1236 1218
1237 1489	1237 1219
1238 1491	1238 1220
1239 1492	1239 1221
1240 1493	1240 1222
1241 1494	1241 1223
1242 1495	1242 1224
1243 1496	1243 1225
1244 1498	1244 1226
1245 1499	1245 1227
1246 1500	1246 1228
1247 1501	1247 1229
1248 1502	1248 1230
1249 1504	1249 1232
1251 1505	1251 1233
1252 1506	1252 1233
1253 1507	1253 1234
1254 1508	1254 1235
1255 1510	1255 1237
1256 1511	1256 1238
1257 1512	1257 1239
1258 1513	1258 1239
1259 1514	1259 1240
1260 1515	1260 1241
1261 1517	1261 1243
1262 1518	1262 1244
1263 1519	1263 1245
1264 1520	1264 1246
1265 1521	1265 1246
1266 1523	1266 1248
1267 1524	1267 1249
1268 1525	1268 1250
1269 1526	1269 1251
1270 1527	1270 1252
1271 1529	1271 1253
1272 1530	1272 1254
1273 1531	1273 1255
1274 1532	1274 1256
1275 1533	1275 1257
1276 1535	1276 1259
1277 1536	1277 1259
1278 1537	1278 1260
1279 1538	1279 1261
1280 1539	1280 1262
1281 1540	1281 1263
1282 1542	1282 1265
1283 1543	1283 1266
1284 1544	1284 1266
1285 1545	1285 1267
1286 1546	1286 1268
1287 1548	1287 1270
1288 1549	1288 1271
1289 1550	1289 1272
1290 1551	1290 1273
1291 1552	1291 1273
1292 1553	1292 1274
1294 1555	1294 1276
1295 1556	1295 1277
1296 1557	1296 1278
1297 1558	1297 1279
1298 1559	1298 1279
1299 1561	1299 1281
1300 1562	1300 1282
1301 1563	1301 1283
1302 1564	1302 1284
1303 1565	1303 1285
1304 1567	1304 1286
1305 1568	1305 1287
1306 1569	1306 1288
1307 1570	1307 1289
1308 1571	1308 1290
1309 1572	1309 1291
1310 1574	1310 1293
1311 1575	1311 1293
1312 1576	1312 1294
1313 1577	1313 1295
1314 1578	1314 1296
1315 1580	1315 1298
1316 1581	1316 1299
1317 1582	1317 1300
1318 1583	1318 1300
1319 1584	1319 1301
1320 1585	1320 1302
1321 1587	1321 1304
1322 1588	1322 1305
1323 1589	1323 1306
1324 1590	1324 1307
1325 1591	1325 1307
1326 1593	1326 1309
1327 1594	1327 1310
1328 1595	1328 1311
1329 1596	1329 1312
1330 1597	1330 1313
1331 1598	1331 1314
1332 1600	1332 1315
1333 1601	1333 1316
1334 1602	1334 1317
1335 1603	1335 1318
1337 1604	1337 1319
1338 1606	1338 1321
1339 1607	1339 1321
1340 1608	1340 1322
1341 1609	1341 1323
1342 1610	1342 1324
1343 1611	1343 1325
1344 1613	1344 1327
1345 1614	1345 1328
1346 1615	1346 1328
1347 1616	1347 1329
1348 1617	1348 1330
1349 1619	1349 1332
1350 1620	1350 1333
1351 1621	1351 1334
1352 1622	1352 1335
1353 1623	1353 1336
1354 1624	1354 1336
1355 1626	1355 1338
1356 1627	1356 1339
1357 1628	1357 1340
1358 1629	1358 1341
1359 1630	1359 1342
1360 1632	1360 1343
1361 1633	1361 1344
1362 1634	1362 1345
1363 1635	1363 1346
1364 1636	1364 1347
1365 1637	1365 1348
1366 1639	1366 1350
1367 1640	1367 1350
1368 1641	1368 1351
1369 1642	1369 1352
1370 1643	1370 1353
1371 1644	1371 1354
1372 1646	1372 1356
1373 1647	1373 1357
1374 1648	1374 1358
1375 1649	1375 1358
1376 1650	1376 1359
1377 1652	1377 1361
1378 1653	1378 1362
1380 1654	1380 1363
1381 1655	1381 1364
1382 1656	1382 1365
1383 1657	1383 1365
1384 1659	1384 1367
1385 1660	1385 1368
1386 1661	1386 1369
1387 1662	1387 1370
1388 1663	1388 1371
1389 1664	1389 1372
1390 1666	1390 1373
1391 1667	1391 1374
1392 1668	1392 1375
1393 1669	1393 1376
1394 1670	1394 1377
1395 1672	1395 1379
1396 1673	1396 1380
1397 1674	1397 1380
1398 1675	1398 1381
1399 1676	1399 1382
1400 1677	1400 1383
1401 1679	1401 1385
1402 1680	1402 1386
1403 1681	1403 1387
1404 1682	1404 1388
1405 1683	1405 1388
1406 1684	1406 1389
1407 1686	1407 1391
1408 1687	1408 1392
1409 1688	1409 1393
1410 1689	1410 1394
1411 1690	1411 1395
1412 1692	1412 1396
1413 1693	1413 1397
1414 1694	1414 1398
1415 1695	1415 1399
1416 1696	1416 1400
1417 1697	1417 1401
1418 1699	1418 1403
1419 1700	1419 1404
1420 1701	1420 1404
1421 1702	1421 1405
1423 1703	1423 1406
1424 1704	1424 1407
1425 1706	1425 1409
1426 1707	1426 1410
1427 1708	1427 1411
1428 1709	1428 1412
1429 1710	1429 1412
1430 1711	1430 1413
1431 1713	1431 1415
1432 1714	1432 1416
1433 1715	1433 1417
1434 1716	1434 1418
1435 1717	1435 1419
1436 1718	1436 1419
1437 1720	1437 1421
1438 1721	1438 1422
1439 1722	1439 1423
1440 1723	1440 1424
1441 1724	1441 1425
1442 1726	1442 1427
1443 1727	1443 1428
1444 1728	1444 1428
1445 1729	1445 1429
1446 1730	1446 1430
1447 1731	1447 1431
1448 1733	1448 1433
1449 1734	1449 1434
1450 1735	1450 1435
1451 1736	1451 1436
1452 1737	1452 1436
1453 1738	1453 1437
1454 1740	1454 1439
1455 1741	1455 1440
1456 1742	1456 1441
1457 1743	1457 1442
1458 1744	1458 1443
1459 1745	1459 1444
1460 1747	1460 1445
1461 1748	1461 1446
1462 1749	1462 1447
1463 1750	1463 1448
1464 1751	1464 1449
1466 1752	1466 1450
1467 1754	1467 1452
1468 1755	1468 1452
1469 1756	1469 1453
1470 1757	1470 1454
1471 1758	1471 1455
1472 1759	1472 1456
1473 1761	1473 1458
1474 1762	1474 1459
1475 1763	1475 1460
1476 1764	1476 1461
1477 1765	1477 1461
1478 1766	1478 1462
1479 1768	1479 1464
1480 1769	1480 1465
1481 1770	1481 1466
1482 1771	1482 1467
1483 1772	1483 1468
1484 1773	1484 1469
1485 1775	1485 1470
1486 1776	1486 1471
1487 1777	1487 1472
1488 1778	1488 1473
1489 1779	1489 1474
1490 1780	1490 1475
1491 1782	1491 1477
1492 1783	1492 1478
1493 1784	1493 1478
1494 1785	1494 1479
1495 1786	1495 1480
1496 1787	1496 1481
1497 1789	1497 1483
1498 1790	1498 1484
1499 1791	1499 1485
1500 1792	1500 1486
1501 1793	1501 1486
1502 1794	1502 1487
1503 1796	1503 1489
1504 1797	1504 1490
1505 1798	1505 1491
1506 1799	1506 1492
1507 1800	1507 1493
1509 1801	1509 1494
1510 1803	1510 1495
1511 1804	1511 1496
1512 1805	1512 1497
1513 1806	1513 1498
1514 1807	1514 1499
1515 1808	1515 1500
1516 1809	1516 1501
1517 1811	1517 1503
1518 1812	1518 1504
1519 1813	1519 1504
1520 1814	1520 1505
1521 1815	1521 1506
1522 1816	1522 1507
1523 1818	1523 1509
1524 1819	1524 1510
1525 1820	1525 1511
1526 1821	1526 1512
1527 1822	1527 1513
1528 1823	1528 1513
1529 1825	1529 1515
1530 1826	1530 1516
1531 1827	1531 1517
1532 1828	1532 1518
1533 1829	1533 1519
1534 1830	1534 1520
1535 1832	1535 1522
1536 1833	1536 1522
1537 1834	1537 1523
1538 1835	1538 1524
1539 1836	1539 1525
1540 1837	1540 1526
1541 1839	1541 1528
1542 1840	1542 1529
1543 1841	1543 1530
1544 1842	1544 1531
1545 1843	1545 1531
1546 1844	1546 1532
1547 1845	1547 1533
1548 1847	1548 1535
1549 1848	1549 1536
1550 1849	1550 1537
1552 1850	1552 1538
1553 1851	1553 1539
1554 1852	1554 1540
1555 1854	1555 1541
1556 1855	1556 1542
1557 1856	1557 1543
1558 1857	1558 1544
1559 1858	1559 1545
1560 1859	1560 1546
1561 1861	1561 1548
1562 1862	1562 1549
1563 1863	1563 1550
1564 1864	1564 1550
1565 1865	1565 1551
1566 1866	1566 1552
1567 1867	1567 1553
1568 1869	1568 1555
1569 1870	1569 1556
1570 1871	1570 1557
1571 1872	1571 1558
1572 1873	1572 1559
1573 1874	1573 1559
1574 1876	1574 1561
1575 1877	1575 1562
1576 1878	1576 1563
1577 1879	1577 1564
1578 1880	1578 1565
1579 1881	1579 1566
1580 1883	1580 1568
1581 1884	1581 1569
1582 1885	1582 1569
1583 1886	1583 1570
1584 1887	1584 1571
1585 1888	1585 1572
1586 1889	1586 1573
1587 1891	1587 1575
1588 1892	1588 1576
1589 1893	1589 1577
1590 1894	1590 1578
1591 1895	1591 1579
1592 1896	1592 1579
1593 1898	1593 1581
1595 1899	1595 1582
1596 1900	1596 1583
1597 1901	1597 1584
1598 1902	1598 1585
1599 1903	1599 1586
1600 1904	1600 1587
1601 1906	1601 1589
1602 1907	1602 1589
1603 1908	1603 1590
1604 1909	1604 1591
1605 1910	1605 1592
1606 1911	1606 1593
1607 1913	1607 1595
1608 1914	1608 1596
1609 1915	1609 1597
1610 1916	1610 1598
1611 1917	1611 1599
1612 1918	1612 1599
1613 1919	1613 1600
1614 1921	1614 1602
1615 1922	1615 1603
1616 1923	1616 1604
1617 1924	1617 1605
1618 1925	1618 1606
1619 1926	1619 1607
1620 1927	1620 1608
1621 1929	1621 1609
1622 1930	1622 1610
1623 1931	1623 1611
1624 1932	1624 1612
1625 1933	1625 1613
1626 1934	1626 1614
1627 1936	1627 1616
1628 1937	1628 1617
1629 1938	1629 1618
1630 1939	1630 1619
1631 1940	1631 1619
1632 1941	1632 1620
1633 1942	1633 1621
1634 1944	1634 1623
1635 1945	1635 1624
1636 1946	1636 1625
1637 1947	1637 1626
1639 1948	1639 1627
1640 1949	1640 1628
1641 1950	1641 1629
1642 1952	1642 1630
1643 1953	1643 1631
1644 1954	1644 1632
1645 1955	1645 1633
1646 1956	1646 1634
1647 1957	1647 1635
1648 1959	1648 1637
1649 1960	1649 1638
1650 1961	1650 1639
1651 1962	1651 1640
1652 1963	1652 1640
1653 1964	1653 1641
1654 1965	1654 1642
1655 1967	1655 1644
1656 1968	1656 1645
1657 1969	1657 1646
1658 1970	1658 1647
1659 1971	1659 1648
1660 1972	1660 1649
1661 1973	1661 1650
1662 1975	1662 1651
1663 1976	1663 1652
1664 1977	1664 1653
1665 1978	1665 1654
1666 1979	1666 1655
1667 1980	1667 1656
1668 1981	1668 1657
1669 1983	1669 1659
1670 1984	1670 1660
1671 1985	1671 1661
1672 1986	1672 1662
1673 1987	1673 1662
1674 1988	1674 1663
1675 1989	1675 1664
1676 1991	1676 1666
1677 1992	1677 1667
1678 1993	1678 1668
1679 1994	1679 1669
1680 1995	1680 1670
1682 1996	1682 1671
1683 1997	1683 1672
1684 1999	1684 1673
1685 2000	1685 1674
1686 2001	1686 1675
1687 2002	1687 1676
1688 2003	1688 1677
1689 2004	1689 1678
1690 2005	1690 1679
1691 2007	1691 1681
1692 2008	1692 1682
1693 2009	1693 1683
1694 2010	1694 1684
1695 2011	1695 1685
1696 2012	1696 1685
1697 2013	1697 1686
1698 2015	1698 1688
1699 2016	1699 1689
1700 2017	1700 1690
1701 2018	1701 1691
1702 2019	1702 1692
1703 2020	1703 1693
1704 2021	1704 1694
1705 2023	1705 1696
1706 2024	1706 1697
1707 2025	1707 1697
1708 2026	1708 1698
1709 2027	1709 1699
1710 2028	1710 1700
1711 2029	1711 1701
1712 2031	1712 1703
1713 2032	1713 1704
1714 2033	1714 1705
1715 2034	1715 1706
1716 2035	1716 1707
1717 2036	1717 1708
1718 2037	1718 1708
1719 2039	1719 1710
1720 2040	1720 1711
1721 2041	1721 1712
1722 2042	1722 1713
1723 2043	1723 1714
1725 2044	1725 1715
1726 2045	1726 1716
1727 2047	1727 1718
1728 2048	1728 1719
1729 2049	1729 1720
1730 2050	1730 1720
1731 2051	1731 1721
1732 2052	1732 1722
1733 2053	1733 1723
1734 2055	1734 1725
1735 2056	1735 1726
1736 2057	1736 1727
1737 2058	1737 1728
1738 2059	1738 1729
1739 2060	1739 1730
1740 2061	1740 1731
1741 2062	1741 1732
1742 2064	1742 1733
1743 2065	1743 1734
1744 2066	1744 1735
1745 2067	1745 1736
1746 2068	1746 1737
1747 2069	1747 1738
1748 2070	1748 1739
1749 2072	1749 1741
1750 2073	1750 1742
1751 2074	1751 1743
1752 2075	1752 1744
1753 2076	1753 1745
1754 2077	1754 1745
1755 2078	1755 1746
1756 2080	1756 1748
1757 2081	1757 1749
1758 2082	1758 1750
1759 2083	1759 1751
1760 2084	1760 1752
1761 2085	1761 1753
1762 2086	1762 1754
1763 2087	1763 1755
1764 2089	1764 1757
1765 2090	1765 1758
1766 2091	1766 1758
1768 2092	1768 1759
1769 2093	1769 1760
1770 2094	1770 1761
1771 2095	1771 1762
1772 2097	1772 1764
1773 2098	1773 1765
1774 2099	1774 1766
1775 2100	1775 1767
1776 2101	1776 1768
1777 2102	1777 1769
1778 2103	1778 1770
1779 2104	1779 1771
1780 2106	1780 1772
1781 2107	1781 1773
1782 2108	1782 1774
1783 2109	1783 1775
1784 2110	1784 1776
1785 2111	1785 1777
1786 2112	1786 1778
1787 2114	1787 1780
1788 2115	1788 1781
1789 2116	1789 1782
1790 2117	1790 1783
1791 2118	1791 1784
1792 2119	1792 1785
1793 2120	1793 1785
1794 2121	1794 1786
1795 2123	1795 1788
1796 2124	1796 1789
1797 2125	1797 1790
1798 2126	1798 1791
1799 2127	1799 1792
1800 2128	1800 1793
1801 2129	1801 1794
1802 2130	1802 1795
1803 2132	1803 1797
1804 2133	1804 1798
1805 2134	1805 1799
1806 2135	1806 1799
1807 2136	1807 1800
1808 2137	1808 1801
1809 2138	1809 1802
1811 2139	1811 1803
1812 2141	1812 1805
1813 2142	1813 1806
1814 2143	1814 1807
1815 2144	1815 1808
1816 2145	1816 1809
1817 2146	1817 1810
1818 2147	1818 1811
1819 2149	1819 1813
1820 2150	1820 1813
1821 2151	1821 1814
1822 2152	1822 1815
1823 2153	1823 1816
1824 2154	1824 1817
1825 2155	1825 1818
1826 2156	1826 1819
1827 2158	1827 1821
1828 2159	1828 1822
1829 2160	1829 1823
1830 2161	1830 1824
1831 2162	1831 1825
1832 2163	1832 1826
1833 2164	1833 1827
1834 2165	1834 1827
1835 2167	1835 1829
1836 2168	1836 1830
1837 2169	1837 1831
1838 2170	1838 1832
1839 2171	1839 1833
1840 2172	1840 1834
1841 2173	1841 1835
1842 2174	1842 1836
1843 2176	1843 1838
1844 2177	1844 1839
1845 2178	1845 1840
1846 2179	1846 1841
1847 2180	1847 1842
1848 2181	1848 1842
1849 2182	1849 1843
1850 2183	1850 1844
1851 2185	1851 1846
1852 2186	1852 1847
1854 2187	1854 1848
1855 2188	1855 1849
1856 2189	1856 1850
1857 2190	1857 1851
1858 2191	1858 1852
1859 2192	1859 1853
1860 2194	1860 1855
1861 2195	1861 1856
1862 2196	1862 1857
1863 2197	1863 1858
1864 2198	1864 1858
1865 2199	1865 1859
1866 2200	1866 1860
1867 2201	1867 1861
1868 2202	1868 1862
1869 2204	1869 1864
1870 2205	1870 1865
1871 2206	1871 1866
1872 2207	1872 1867
1873 2208	1873 1868
1874 2209	1874 1869
1875 2210	1875 1870
1876 2211	1876 1871
1877 2213	1877 1873
1878 2214	1878 1874
1879 2215	1879 1874
1880 2216	1880 1875
1881 2217	1881 1876
1882 2218	1882 1877
1883 2219	1883 1878
1884 2220	1884 1879
1885 2222	1885 1881
1886 2223	1886 1882
1887 2224	1887 1883
1888 2225	1888 1884
1889 2226	1889 1885
1890 2227	1890 1886
1891 2228	1891 1887
1892 2229	1892 1888
1893 2230	1893 1889
1894 2232	1894 1890
1895 2233	1895 1891
1897 2234	1897 1892
1898 2235	1898 1893
1899 2236	1899 1894
1900 2237	1900 1895
1901 2238	1901 1896
1902 2239	1902 1897
1903 2241	1903 1899
1904 2242	1904 1900
1905 2243	1905 1901
1906 2244	1906 1902
1907 2245	1907 1903
1908 2246	1908 1904
1909 2247	1909 1905
1910 2248	1910 1906
1911 2249	1911 1907
1912 2251	1912 1908
1913 2252	1913 1909
1914 2253	1914 1910
1915 2254	1915 1911
1916 2255	1916 1912
1917 2256	1917 1913
1918 2257	1918 1914
1919 2258	1919 1915
1920 2259	1920 1916
1921 2261	1921 1918
1922 2262	1922 1919
1923 2263	1923 1920
1924 2264	1924 1921
1925 2265	1925 1922
1926 2266	1926 1923
1927 2267	1927 1924
1928 2268	1928 1925
1929 2270	1929 1926
1930 2271	1930 1927
1931 2272	1931 1928
1932 2273	1932 1929
1933 2274	1933 1930
1934 2275	1934 1931
1935 2276	1935 1932
1936 2277	1936 1933
1937 2278	1937 1934
1938 2280	1938 1936
1940 2281	1940 1937
1941 2282	1941 1938
1942 2283	1942 1939
1943 2284	1943 1940
1944 2285	1944 1941
1945 2286	1945 1942
1946 2287	1946 1943
1947 2288	1947 1943
1948 2290	1948 1945
1949 2291	1949 1946
1950 2292	1950 1947
1951 2293	1951 1948
1952 2294	1952 1949
1953 2295	1953 1950
1954 2296	1954 1951
1955 2297	1955 1952
1956 2298	1956 1953
1957 2300	1957 1955
1958 2301	1958 1956
1959 2302	1959 1957
1960 2303	1960 1958
1961 2304	1961 1959
1962 2305	1962 1960
1963 2306	1963 1961
1964 2307	1964 1962
1965 2308	1965 1962
1966 2310	1966 1964
1967 2311	1967 1965
1968 2312	1968 1966
1969 2313	1969 1967
1970 2314	1970 1968
1971 2315	1971 1969
1972 2316	1972 1970
1973 2317	1973 1971
1974 2318	1974 1972
1975 2319	1975 1973
1976 2321	1976 1975
1977 2322	1977 1976
1978 2323	1978 1977
1979 2324	1979 1978
1980 2325	1980 1979
1981 2326	1981 1980
1983 2327	1983 1981
1984 2328	1984 1982
1985 2329	1985 1982
1986 2331	1986 1984
1987 2332	1987 1985
1988 2333	1988 1986
1989 2334	1989 1987
1990 2335	1990 1988
1991 2336	1991 1989
1992 2337	1992 1990
1993 2338	1993 1991
1994 2339	1994 1992
1995 2341	1995 1994
1996 2342	1996 1995
1997 2343	1997 1996
1998 2344	1998 1997
1999 2345	1999 1998
2000 2346	2000 1999
2001 2347	2001 2000
2002 2348	2002 2001
2003 2349	2003 2002
2004 2350	2004 2003
2005 2352	2005 2004
2006 2353	2006 2005
2007 2354	2007 2006
2008 2355	2008 2007
2009 2356	2009 2008
2010 2357	2010 2009
2011 2358	2011 2010
2012 2359	2012 2011
2013 2360	2013 2012
2014 2361	2014 2013
2015 2363	2015 2015
2016 2364	2016 2016
2017 2365	2017 2017
2018 2366	2018 2018
2019 2367	2019 2019
2020 2368	2020 2020
2021 2369	2021 2021
2022 2370	2022 2022
2023 2371	2023 2023
2024 2373	2024 2025
2026 2374	2026 2026
2027 2375	2027 2026
2028 2376	2028 2027
2029 2377	2029 2028
2030 2378	2030 2029
2031 2379	2031 2030
2032 2380	2032 2031
2033 2381	2033 2032
2034 2382	2034 2033
2035 2384	2035 2035
2036 2385	2036 2036
2037 2386	2037 2037
2038 2387	2038 2038
2039 2388	2039 2039
2040 2389	2040 2040
2041 2390	2041 2041
2042 2391	2042 2042
2043 2392	2043 2043
2044 2393	2044 2044
2045 2395	2045 2046
2046 2396	2046 2047
2047 2397	2047 2048
2048 2398	2048 2049
2049 2399	2049 2050
2050 2400	2050 2050
2051 2401	2051 2051
2052 2402	2052 2052
2053 2403	2053 2053
2054 2404	2054 2054
2055 2405	2055 2055
2056 2407	2056 2057
2057 2408	2057 2058
2058 2409	2058 2059
2059 2410	2059 2060
2060 2411	2060 2061
2061 2412	2061 2062
2062 2413	2062 2063
2063 2414	2063 2064
2064 2415	2064 2065
2065 2416	2065 2066
2066 2418	2066 2068
2067 2419	2067 2069
2068 2420	2068 2070
2070 2421	2070 2071
2071 2422	2071 2072
2072 2423	2072 2073
2073 2424	2073 2074
2074 2425	2074 2075
2075 2426	2075 2076
2076 2427	2076 2076
2077 2429	2077 2078
2078 2430	2078 2079
2079 2431	2079 2080
2080 2432	2080 2081
2081 2433	2081 2082
2082 2434	2082 2083
2083 2435	2083 2084
2084 2436	2084 2085
2085 2437	2085 2086
2086 2438	2086 2087
2087 2439	2087 2088
2088 2441	2088 2090
2089 2442	2089 2091
2090 2443	2090 2092
2091 2444	2091 2093
2092 2445	2092 2094
2093 2446	2093 2095
2094 2447	2094 2096
2095 2448	2095 2097
2096 2449	2096 2098
2097 2450	2097 2099
2098 2451	2098 2100
2099 2453	2099 2102
2100 2454	2100 2103
2101 2455	2101 2104
2102 2456	2102 2105
2103 2457	2103 2105
2104 2458	2104 2106
2105 2459	2105 2107
2106 2460	2106 2108
2107 2461	2107 2109
2108 2462	2108 2110
2109 2463	2109 2111
2110 2465	2110 2113
2111 2466	2111 2114
2113 2467	2113 2115
2114 2468	2114 2116
2115 2469	2115 2117
2116 2470	2116 2118
2117 2471	2117 2119
2118 2472	2118 2120
2119 2473	2119 2121
2120 2474	2120 2122
2121 2475	2121 2123
2122 2477	2122 2125
2123 2478	2123 2126
2124 2479	2124 2127
2125 2480	2125 2128
2126 2481	2126 2129
2127 2482	2127 2130
2128 2483	2128 2131
2129 2484	2129 2132
2130 2485	2130 2133
2131 2486	2131 2134
2132 2487	2132 2135
2133 2488	2133 2136
2134 2490	2134 2137
2135 2491	2135 2138
2136 2492	2136 2139
2137 2493	2137 2140
2138 2494	2138 2141
2139 2495	2139 2142
2140 2496	2140 2143
2141 2497	2141 2144
2142 2498	2142 2145
2143 2499	2143 2146
2144 2500	2144 2147
2145 2502	2145 2149
2146 2503	2146 2150
2147 2504	2147 2151
2148 2505	2148 2152
2149 2506	2149 2153
2150 2507	2150 2154
2151 2508	2151 2155
2152 2509	2152 2156
2153 2510	2153 2157
2154 2511	2154 2158
2156 2512	2156 2159
2157 2513	2157 2160
2158 2515	2158 2162
2159 2516	2159 2163
2160 2517	2160 2164
2161 2518	2161 2165
2162 2519	2162 2166
2163 2520	2163 2167
2164 2521	2164 2168
2165 2522	2165 2169
2166 2523	2166 2170
2167 2524	2167 2171
2168 2525	2168 2172
2169 2526	2169 2172
2170 2528	2170 2174
2171 2529	2171 2175
2172 2530	2172 2176
2173 2531	2173 2177
2174 2532	2174 2178
2175 2533	2175 2179
2176 2534	2176 2180
2177 2535	2177 2181
2178 2536	2178 2182
2179 2537	2179 2183
2180 2538	2180 2184
2181 2539	2181 2185
2182 2541	2182 2187
2183 2542	2183 2188
2184 2543	2184 2189
2185 2544	2185 2190
2186 2545	2186 2191
2187 2546	2187 2192
2188 2547	2188 2193
2189 2548	2189 2194
2190 2549	2190 2195
2191 2550	2191 2196
2192 2551	2192 2197
2193 2552	2193 2198
2194 2553	2194 2199
2195 2555	2195 2201
2196 2556	2196 2202
2197 2557	2197 2203
2199 2558	2199 2204
2200 2559	2200 2205
2201 2560	2201 2206
2202 2561	2202 2207
2203 2562	2203 2208
2204 2563	2204 2209
2205 2564	2205 2210
2206 2565	2206 2211
2207 2566	2207 2212
2208 2567	2208 2213
2209 2569	2209 2214
2210 2570	2210 2215
2211 2571	2211 2216
2212 2572	2212 2217
2213 2573	2213 2218
2214 2574	2214 2219
2215 2575	2215 2220
2216 2576	2216 2221
2217 2577	2217 2222
2218 2578	2218 2223
2219 2579	2219 2224
2220 2580	2220 2225
2221 2581	2221 2226
2222 2583	2222 2228
2223 2584	2223 2229
2224 2585	2224 2230
2225 2586	2225 2231
2226 2587	2226 2232
2227 2588	2227 2233
2228 2589	2228 2234
2229 2590	2229 2235
2230 2591	2230 2236
2231 2592	2231 2237
2232 2593	2232 2238
2233 2594	2233 2239
2234 2595	2234 2240
2235 2597	2235 2242
2236 2598	2236 2243
2237 2599	2237 2244
2238 2600	2238 2245
2239 2601	2239 2246
2240 2602	2240 2247
2242 2603	2242 2248
2243 2604	2243 2249
2244 2605	2244 2250
2245 2606	2245 2251
2246 2607	2246 2252
2247 2608	2247 2253
2248 2609	2248 2254
2249 2610	2249 2255
2250 2612	2250 2257
2251 2613	2251 2258
2252 2614	2252 2259
2253 2615	2253 2260
2254 2616	2254 2261
2255 2617	2255 2262
2256 2618	2256 2263
2257 2619	2257 2264
2258 2620	2258 2265
2259 2621	2259 2266
2260 2622	2260 2267
2261 2623	2261 2268
2262 2624	2262 2269
2263 2625	2263 2270
2264 2627	2264 2271
2265 2628	2265 2272
2266 2629	2266 2273
2267 2630	2267 2274
2268 2631	2268 2275
2269 2632	2269 2276
2270 2633	2270 2277
2271 2634	2271 2278
2272 2635	2272 2279
2273 2636	2273 2280
2274 2637	2274 2281
2275 2638	2275 2282
2276 2639	2276 2283
2277 2640	2277 2284
2278 2641	2278 2285
2279 2643	2279 2287
2280 2644	2280 2288
2281 2645	2281 2289
2282 2646	2282 2290
2283 2647	2283 2291
2285 2648	2285 2292
2286 2649	2286 2293
2287 2650	2287 2294
2288 2651	2288 2295
2289 2652	2289 2296
2290 2653	2290 2297
2291 2654	2291 2298
2292 2655	2292 2299
2293 2656	2293 2300
2294 2657	2294 2301
2295 2659	2295 2303
2296 2660	2296 2304
2297 2661	2297 2305
2298 2662	2298 2306
2299 2663	2299 2307
2300 2664	2300 2308
2301 2665	2301 2309
2302 2666	2302 2310
2303 2667	2303 2311
2304 2668	2304 2312
2305 2669	2305 2313
2306 2670	2306 2314
2307 2671	2307 2315
2308 2672	2308 2316
2309 2673	2309 2317
2310 2674	2310 2318
2311 2676	2311 2320
2312 2677	2312 2321
2313 2678	2313 2322
2314 2679	2314 2323
2315 2680	2315 2324
2316 2681	2316 2325
2317 2682	2317 2326
2318 2683	2318 2327
2319 2684	2319 2328
2320 2685	2320 2329
2321 2686	2321 2330
2322 2687	2322 2331
2323 2688	2323 2332
2324 2689	2324 2333
2325 2690	2325 2334
2326 2691	2326 2335
2328 2693	2328 2337
2329 2694	2329 2338
2330 2695	2330 2339
2331 2696	2331 2340
2332 2697	2332 2341
2333 2698	2333 2342
2334 2699	2334 2343
2335 2700	2335 2344
2336 2701	2336 2345
2337 2702	2337 2346
2338 2703	2338 2347
2339 2704	2339 2348
2340 2705	2340 2349
2341 2706	2341 2350
2342 2707	2342 2351
2343 2708	2343 2352
2344 2709	2344 2353
2345 2711	2345 2355
2346 2712	2346 2356
2347 2713	2347 2357
2348 2714	2348 2358
2349 2715	2349 2359
2350 2716	2350 2360
2351 2717	2351 2361
2352 2718	2352 2362
2353 2719	2353 2363
2354 2720	2354 2364
2355 2721	2355 2365
2356 2722	2356 2366
2357 2723	2357 2367
2358 2724	2358 2368
2359 2725	2359 2369
2360 2726	2360 2370
2361 2727	2361 2371
2362 2729	2362 2373
2363 2730	2363 2374
2364 2731	2364 2375
2365 2732	2365 2376
2366 2733	2366 2377
2367 2734	2367 2378
2368 2735	2368 2379
2369 2736	2369 2380
2371 2737	2371 2381
2372 2738	2372 2382
2373 2739	2373 2383
2374 2740	2374 2384
2375 2741	2375 2385
2376 2742	2376 2386
2377 2743	2377 2387
2378 2744	2378 2388
2379 2745	2379 2389
2380 2746	2380 2390
2381 2748	2381 2392
2382 2749	2382 2393
2383 2750	2383 2394
2384 2751	2384 2394
2385 2752	2385 2395
2386 2753	2386 2396
2387 2754	2387 2397
2388 2755	2388 2398
2389 2756	2389 2399
2390 2757	2390 2400
2391 2758	2391 2401
2392 2759	2392 2402
2393 2760	2393 2403
2394 2761	2394 2404
2395 2762	2395 2405
2396 2763	2396 2406
2397 2764	2397 2407
2398 2765	2398 2408
2399 2766	2399 2409
2400 2767	2400 2410
2401 2769	2401 2412
2402 2770	2402 2413
2403 2771	2403 2414
2404 2772	2404 2415
2405 2773	2405 2416
2406 2774	2406 2417
2407 2775	2407 2418
2408 2776	2408 2420
2409 2777	2409 2421
2410 2778	2410 2422
2411 2779	2411 2423
2412 2780	2412 2424
2414 2781	2414 2425
2415 2782	2415 2426
2416 2783	2416 2427
2417 2784	2417 2428
2418 2785	2418 2429
2419 2786	2419 2430
2420 2787	2420 2431
2421 2788	2421 2432
2422 2790	2422 2434
2423 2791	2423 2435
2424 2792	2424 2436
2425 2793	2425 2437
2426 2794	2426 2438
2427 2795	2427 2439
2428 2796	2428 2440
2429 2797	2429 2441
2430 2798	2430 2442
2431 2799	2431 2443
2432 2800	2432 2444
2433 2801	2433 2445
2434 2802	2434 2446
2435 2803	2435 2447
2436 2804	2436 2448
2437 2805	2437 2449
2438 2806	2438 2450
2439 2807	2439 2451
2440 2808	2440 2452
2441 2809	2441 2453
2442 2810	2442 2454
2443 2812	2443 2456
2444 2813	2444 2457
2445 2814	2445 2458
2446 2815	2446 2459
2447 2816	2447 2460
2448 2817	2448 2461
2449 2818	2449 2462
2450 2819	2450 2463
2451 2820	2451 2464
2452 2821	2452 2465
2453 2822	2453 2466
2454 2823	2454 2467
2455 2824	2455 2468
2457 2825	2457 2469
2458 2826	2458 2470
2459 2827	2459 2471
2460 2828	2460 2472
2461 2829	2461 2473
2462 2830	2462 2474
2463 2831	2463 2475
2464 2832	2464 2476
2465 2833	2465 2477
2466 2834	2466 2478
2467 2835	2467 2479
2468 2837	2468 2481
2469 2838	2469 2482
2470 2839	2470 2483
2471 2840	2471 2484
2472 2841	2472 2485
2473 2842	2473 2486
2474 2843	2474 2487
2475 2844	2475 2488
2476 2845	2476 2489
2477 2846	2477 2490
2478 2847	2478 2491
2479 2848	2479 2492
2480 2849	2480 2493
2481 2850	2481 2494
2482 2851	2482 2495
2483 2852	2483 2496
2484 2853	2484 2497
2485 2854	2485 2498
2486 2855	2486 2499
2487 2856	2487 2500
2488 2857	2488 2501
2489 2858	2489 2502
2490 2859	2490 2503
2491 2860	2491 2504
2492 2861	2492 2505
2493 2863	2493 2507
2494 2864	2494 2508
2495 2865	2495 2509
2496 2866	2496 2510
2497 2867	2497 2511
2498 2868	2498 2512
2499 2869	2499 2513
2501 2870	2501 2514
2502 2871	2502 2515
2503 2872	2503 2516
2504 2873	2504 2517
2505 2874	2505 2518
2506 2875	2506 2519
2507 2876	2507 2520
2508 2877	2508 2521
2509 2878	2509 2522
2510 2879	2510 2523
2511 2880	2511 2524
2512 2881	2512 2525
2513 2882	2513 2526
2514 2883	2514 2527
2515 2884	2515 2528
2516 2885	2516 2529
2517 2886	2517 2530
2518 2887	2518 2531
2519 2888	2519 2532
2520 2889	2520 2533
2521 2890	2521 2534
2522 2892	2522 2536
2523 2893	2523 2537
2524 2894	2524 2538
2525 2895	2525 2539
2526 2896	2526 2540
2527 2897	2527 2541
2528 2898	2528 2542
2529 2899	2529 2543
2530 2900	2530 2544
2531 2901	2531 2546
2532 2902	2532 2547
2533 2903	2533 2548
2534 2904	2534 2549
2535 2905	2535 2550
2536 2906	2536 2551
2537 2907	2537 2552
2538 2908	2538 2553
2539 2909	2539 2554
2540 2910	2540 2555
2541 2911	2541 2556
2542 2912	2542 2557
2544 2913	2544 2558
2545 2914	2545 2559
2546 2915	2546 2560
2547 2916	2547 2561
2548 2917	2548 2562
2549 2918	2549 2563
2550 2919	2550 2564
2551 2920	2551 2565
2552 2921	2552 2566
2553 2922	2553 2567
2554 2924	2554 2569
2555 2925	2555 2570
2556 2926	2556 2571
2557 2927	2557 2572
2558 2928	2558 2573
2559 2929	2559 2574
2560 2930	2560 2575
2561 2931	2561 2576
2562 2932	2562 2577
2563 2933	2563 2578
2564 2934	2564 2579
2565 2935	2565 2580
2566 2936	2566 2581
2567 2937	2567 2582
2568 2938	2568 2583
2569 2939	2569 2584
2570 2940	2570 2585
2571 2941	2571 2586
2572 2942	2572 2587
2573 2943	2573 2588
2574 2944	2574 2589
2575 2945	2575 2590
2576 2946	2576 2591
2577 2947	2577 2592
2578 2948	2578 2593
2579 2949	2579 2594
2580 2950	2580 2595
2581 2951	2581 2596
2582 2952	2582 2597
2583 2953	2583 2598
2584 2954	2584 2599
2585 2955	2585 2600
2587 2956	2587 2601
2588 2957	2588 2602
2589 2958	2589 2604
2590 2959	2590 2605
2591 2960	2591 2606
2592 2962	2592 2608
2593 2963	2593 2609
2594 2964	2594 2610
2595 2965	2595 2611
2596 2966	2596 2612
2597 2967	2597 2613
2598 2968	2598 2614
2599 2969	2599 2615
2600 2970	2600 2616
2601 2971	2601 2617
2602 2972	2602 2618
2603 2973	2603 2619
2604 2974	2604 2620
2605 2975	2605 2621
2606 2976	2606 2622
2607 2977	2607 2623
2608 2978	2608 2624
2609 2979	2609 2625
2610 2980	2610 2626
2611 2981	2611 2627
2612 2982	2612 2628
2613 2983	2613 2629
2614 2984	2614 2630
2615 2985	2615 2631
2616 2986	2616 2632
2617 2987	2617 2633
2618 2988	2618 2634
2619 2989	2619 2635
2620 2990	2620 2636
2621 2991	2621 2637
2622 2992	2622 2638
2623 2993	2623 2639
2624 2994	2624 2640
2625 2995	2625 2641
2626 2996	2626 2642
2627 2997	2627 2643
2628 2998	2628 2644
2630 2999	2630 2645
2631 3000	2631 2646
2632 3001	2632 2647
2633 3002	2633 2649
2634 3003	2634 2650
2635 3004	2635 2651
2636 3005	2636 2652
2637 3006	2637 2653
2638 3007	2638 2654
2639 3008	2639 2655
2640 3009	2640 2656
2641 3011	2641 2658
2642 3012	2642 2659
2643 3013	2643 2660
2644 3014	2644 2661
2645 3015	2645 2662
2646 3016	2646 2663
2647 3017	2647 2664
2648 3018	2648 2665
2649 3019	2649 2666
2650 3020	2650 2667
2651 3021	2651 2668
2652 3022	2652 2669
2653 3023	2653 2670
2654 3024	2654 2671
2655 3025	2655 2672
2656 3026	2656 2673
2657 3027	2657 2674
2658 3028	2658 2675
2659 3029	2659 2676
2660 3030	2660 2677
2661 3031	2661 2678
2662 3032	2662 2679
2663 3033	2663 2680
2664 3034	2664 2681
2665 3035	2665 2682
2666 3036	2666 2683
2667 3037	2667 2684
2668 3038	2668 2686
2669 3039	2669 2687
2670 3040	2670 2688
2671 3041	2671 2689
2673 3042	2673 2690
2674 3043	2674 2691
2675 3044	2675 2692
2676 3045	2676 2693
2677 3046	2677 2694
2678 3047	2678 2695
2679 3048	2679 2696
2680 3049	2680 2697
2681 3050	2681 2698
2682 3051	2682 2699
2683 3052	2683 2700
2684 3053	2684 2701
2685 3054	2685 2702
2686 3055	2686 2703
2687 3056	2687 2704
2688 3057	2688 2705
2689 3058	2689 2706
2690 3059	2690 2707
2691 3060	2691 2708
2692 3061	2692 2709
2693 3062	2693 2710
2694 3063	2694 2711
2695 3064	2695 2712
2696 3065	2696 2713
2697 3066	2697 2714
2698 3067	2698 2715
2699 3068	2699 2716
2700 3069	2700 2717
2701 3070	2701 2718
2702 3071	2702 2720
2703 3072	2703 2721
2704 3073	2704 2722
2705 3074	2705 2723
2706 3075	2706 2724
2707 3076	2707 2725
2708 3077	2708 2726
2709 3078	2709 2727
2710 3079	2710 2728
2711 3080	2711 2729
2712 3081	2712 2730
2713 3082	2713 2731
2714 3083	2714 2732
2716 3084	2716 2733
2717 3085	2717 2734
2718 3086	2718 2735
2719 3087	2719 2736
2720 3088	2720 2737
2721 3089	2721 2738
2722 3090	2722 2739
2723 3091	2723 2740
2724 3092	2724 2741
2725 3093	2725 2742
2726 3094	2726 2743
2727 3095	2727 2744
2728 3096	2728 2745
2729 3097	2729 2746
2730 3098	2730 2747
2731 3099	2731 2748
2732 3100	2732 2750
2733 3101	2733 2751
2734 3102	2734 2752
2735 3103	2735 2753
2736 3105	2736 2755
2737 3106	2737 2756
2738 3107	2738 2757
2739 3108	2739 2758
2740 3109	2740 2759
2741 3110	2741 2760
2742 3111	2742 2761
2743 3112	2743 2762
2744 3113	2744 2763
2745 3114	2745 2764
2746 3115	2746 2765
2747 3116	2747 2766
2748 3117	2748 2767
2749 3118	2749 2768
2750 3119	2750 2769
2751 3120	2751 2770
2752 3121	2752 2771
2753 3122	2753 2772
2754 3123	2754 2773
2755 3124	2755 2774
2756 3125	2756 2775
2757 3126	2757 2776
2759 3127	2759 2778
2760 3128	2760 2779
2761 3129	2761 2780
2762 3130	2762 2781
2763 3131	2763 2782
2764 3132	2764 2783
2765 3133	2765 2784
2766 3134	2766 2785
2767 3135	2767 2786
2768 3136	2768 2787
2769 3137	2769 2788
2770 3138	2770 2789
2771 3139	2771 2790
2772 3140	2772 2791
2773 3141	2773 2792
2774 3142	2774 2793
2775 3143	2775 2794
2776 3144	2776 2795
2777 3145	2777 2796
2778 3146	2778 2797
2779 3147	2779 2798
2780 3148	2780 2799
2781 3149	2781 2800
2782 3150	2782 2801
2783 3151	2783 2802
2784 3152	2784 2804
2785 3153	2785 2805
2786 3154	2786 2806
2787 3155	2787 2807
2788 3156	2788 2808
2789 3157	2789 2809
2790 3158	2790 2810
2791 3159	2791 2811
2792 3160	2792 2812
2793 3161	2793 2813
2794 3162	2794 2814
2795 3162	2795 2814
2796 3163	2796 2815
2797 3164	2797 2816
2798 3165	2798 2817
2799 3166	2799 2818
2800 3167	2800 2819
2802 3168	2802 2820
2803 3169	2803 2821
2804 3170	2804 2822
2805 3171	2805 2823
2806 3172	2806 2824
2807 3173	2807 2825
2808 3174	2808 2826
2809 3175	2809 2828
2810 3176	2810 2829
2811 3177	2811 2830
2812 3178	2812 2831
2813 3179	2813 2832
2814 3180	2814 2833
2815 3181	2815 2834
2816 3182	2816 2835
2817 3183	2817 2836
2818 3184	2818 2837
2819 3185	2819 2838
2820 3186	2820 2839
2821 3187	2821 2840
2822 3188	2822 2841
2823 3189	2823 2842
2824 3190	2824 2843
2825 3191	2825 2844
2826 3192	2826 2845
2827 3193	2827 2846
2828 3194	2828 2847
2829 3195	2829 2848
2830 3196	2830 2849
2831 3197	2831 2850
2832 3198	2832 2852
2833 3199	2833 2853
2834 3200	2834 2854
2835 3201	2835 2855
2836 3202	2836 2856
2837 3203	2837 2857
2838 3204	2838 2858
2839 3205	2839 2859
2840 3206	2840 2860
2841 3207	2841 2861
2842 3208	2842 2862
2843 3209	2843 2863
2845 3210	2845 2864
2846 3211	2846 2865
2847 3212	2847 2866
2848 3213	2848 2867
2849 3214	2849 2868
2850 3215	2850 2869
2851 3216	2851 2870
2852 3217	2852 2871
2853 3218	2853 2872
2854 3219	2854 2874
2855 3220	2855 2875
2856 3221	2856 2876
2857 3222	2857 2877
2858 3223	2858 2878
2859 3224	2859 2879
2860 3225	2860 2880
2861 3226	2861 2881
2862 3227	2862 2882
2863 3228	2863 2883
2864 3229	2864 2884
2865 3230	2865 2885
2866 3231	2866 2886
2867 3232	2867 2887
2868 3233	2868 2888
2869 3234	2869 2889
2870 3235	2870 2890
2871 3236	2871 2891
2872 3237	2872 2892
2873 3238	2873 2893
2874 3239	2874 2895
2875 3240	2875 2896
2876 3241	2876 2897
2877 3242	2877 2898
2878 3243	2878 2899
2879 3244	2879 2900
2880 3245	2880 2901
2881 3246	2881 2902
2882 3247	2882 2903
2883 3248	2883 2904
2884 3249	2884 2905
2885 3250	2885 2906
2886 3251	2886 2907
2887 3252	2887 2908
2889 3253	2889 2909
2890 3254	2890 2910
2891 3254	2891 2910
2892 3255	2892 2911
2893 3256	2893 2912
2894 3257	2894 2913
2895 3258	2895 2914
2896 3259	2896 2916
2897 3260	2897 2917
2898 3261	2898 2918
2899 3262	2899 2919
2900 3263	2900 2920
2901 3264	2901 2921
2902 3265	2902 2922
2903 3266	2903 2923
2904 3267	2904 2924
2905 3268	2905 2925
2906 3269	2906 2926
2907 3270	2907 2927
2908 3271	2908 2928
2909 3272	2909 2929
2910 3273	2910 2930
2911 3274	2911 2931
2912 3275	2912 2932
2913 3276	2913 2933
2914 3277	2914 2935
2915 3278	2915 2936
2916 3279	2916 2937
2917 3280	2917 2938
2918 3281	2918 2939
2919 3282	2919 2940
2920 3283	2920 2941
2921 3284	2921 2942
2922 3285	2922 2943
2923 3286	2923 2944
2924 3287	2924 2945
2925 3288	2925 2946
2926 3289	2926 2947
2927 3290	2927 2948
2928 3291	2928 2949
2929 3292	2929 2950
2930 3293	2930 2951
2932 3294	2932 2952
2933 3295	2933 2954
2934 3296	2934 2955
2935 3297	2935 2956
2936 3298	2936 2957
2937 3299	2937 2958
2938 3300	2938 2959
2939 3301	2939 2960
2940 3302	2940 2961
2941 3302	2941 2961
2942 3303	2942 2962
2943 3304	2943 2963
2944 3305	2944 2964
2945 3306	2945 2965
2946 3307	2946 2966
2947 3308	2947 2967
2948 3309	2948 2968
2949 3310	2949 2969
2950 3311	2950 2970
2951 3312	2951 2971
2952 3313	2952 2973
2953 3314	2953 2974
2954 3315	2954 2975
2955 3316	2955 2976
2956 3317	2956 2977
2957 3318	2957 2978
2958 3319	2958 2979
2959 3320	2959 2980
2960 3321	2960 2981
2961 3322	2961 2982
2962 3323	2962 2983
2963 3324	2963 2984
2964 3325	2964 2985
2965 3326	2965 2986
2966 3327	2966 2987
2967 3328	2967 2988
2968 3329	2968 2989
2969 3330	2969 2991
2970 3331	2970 2992
2971 3332	2971 2993
2972 3333	2972 2994
2973 3334	2973 2995
2975 3335	2975 2996
2976 3336	2976 2997
2977 3337	2977 2998
2978 3338	2978 2999
2979 3338	2979 2999
2980 3339	2980 3000
2981 3340	2981 3001
2982 3341	2982 3002
2983 3342	2983 3003
2984 3343	2984 3004
2985 3344	2985 3005
2986 3345	2986 3006
2987 3346	2987 3008
2988 3347	2988 3009
2989 3348	2989 3010
2990 3349	2990 3011
2991 3350	2991 3012
2992 3351	2992 3013
2993 3352	2993 3014
2994 3353	2994 3015
2995 3354	2995 3016
2996 3355	2996 3017
2997 3356	2997 3018
2998 3357	2998 3019
2999 3358	2999 3020
3000 3359	3000 3021
3001 3360	3001 3022
3002 3361	3002 3023
3003 3362	3003 3025
3004 3363	3004 3026
3005 3364	3005 3027
3006 3365	3006 3028
3007 3366	3007 3029
3008 3367	3008 3030
3009 3368	3009 3031
3010 3369	3010 3032
3011 3369	3011 3032
3012 3370	3012 3033
3013 3371	3013 3034
3014 3372	3014 3035
3015 3373	3015 3036
3016 3374	3016 3037
3018 3375	3018 3038
3019 3376	3019 3039
3020 3377	3020 3041
3021 3378	3021 3042
3022 3379	3022 3043
3023 3380	3023 3044
3024 3381	3024 3045
3025 3382	3025 3046
3026 3383	3026 3047
3027 3384	3027 3048
3028 3385	3028 3049
3029 3386	3029 3050
3030 3387	3030 3051
3031 3388	3031 3052
3032 3389	3032 3053
3033 3390	3033 3054
3034 3391	3034 3055
3035 3392	3035 3056
3036 3393	3036 3058
3037 3394	3037 3059
3038 3395	3038 3060
3039 3396	3039 3061
3040 3396	3040 3061
3041 3397	3041 3062
3042 3398	3042 3063
3043 3399	3043 3064
3044 3400	3044 3065
3045 3401	3045 3066
3046 3402	3046 3067
3047 3403	3047 3068
3048 3404	3048 3069
3049 3405	3049 3070
3050 3406	3050 3071
3051 3407	3051 3073
3052 3408	3052 3074
3053 3409	3053 3075
3054 3410	3054 3076
3055 3411	3055 3077
3056 3412	3056 3078
3057 3413	3057 3079
3058 3414	3058 3080
3059 3415	3059 3081
3061 3416	3061 3082
3062 3417	3062 3083
3063 3418	3063 3084
3064 3419	3064 3085
3065 3420	3065 3086
3066 3420	3066 3086
3067 3421	3067 3087
3068 3422	3068 3089
3069 3423	3069 3090
3070 3424	3070 3091
3071 3425	3071 3092
3072 3426	3072 3093
3073 3427	3073 3094
3074 3428	3074 3095
3075 3429	3075 3096
3076 3430	3076 3097
3077 3431	3077 3098
3078 3432	3078 3099
3079 3433	3079 3100
3080 3434	3080 3101
3081 3435	3081 3102
3082 3436	3082 3104
3083 3437	3083 3105
3084 3438	3084 3106
3085 3439	3085 3107
3086 3440	3086 3108
3087 3441	3087 3109
3088 3442	3088 3110
3089 3443	3089 3111
3090 3443	3090 3111
3091 3444	3091 3112
3092 3445	3092 3113
3093 3446	3093 3114
3094 3447	3094 3115
3095 3448	3095 3116
3096 3449	3096 3117
3097 3450	3097 3119
3098 3451	3098 3120
3099 3452	3099 3121
3100 3453	3100 3122
3101 3454	3101 3123
3102 3455	3102 3124
3104 3456	3104 3125
3105 3457	3105 3126
3106 3458	3106 3127
3107 3459	3107 3128
3108 3460	3108 3129
3109 3461	3109 3130
3110 3462	3110 3131
3111 3463	3111 3133
3112 3463	3112 3133
3113 3464	3113 3134
3114 3465	3114 3135
3115 3466	3115 3136
3116 3467	3116 3137
3117 3468	3117 3138
3118 3469	3118 3139
3119 3470	3119 3140
3120 3471	3120 3141
3121 3472	3121 3142
3122 3473	3122 3143
3123 3474	3123 3144
3124 3475	3124 3145
3125 3476	3125 3146
3126 3477	3126 3148
3127 3478	3127 3149
3128 3479	3128 3150
3129 3480	3129 3151
3130 3481	3130 3152
3131 3482	3131 3153
3132 3483	3132 3154
3133 3483	3133 3154
3134 3484	3134 3155
3135 3485	3135 3156
3136 3486	3136 3157
3137 3487	3137 3158
3138 3488	3138 3159
3139 3489	3139 3160
3140 3490	3140 3162
3141 3491	3141 3163
3142 3492	3142 3164
3143 3493	3143 3165
3144 3494	3144 3166
3145 3495	3145 3167
3147 3496	3147 3168
3148 3497	3148 3169
3149 3498	3149 3170
3150 3499	3150 3171
3151 3500	3151 3172
3152 3501	3152 3173
3153 3501	3153 3173
3154 3502	3154 3174
3155 3503	3155 3176
3156 3504	3156 3177
3157 3505	3157 3178
3158 3506	3158 3179
3159 3507	3159 3180
3160 3508	3160 3181
3161 3509	3161 3182
3162 3510	3162 3183
3163 3511	3163 3184
3164 3512	3164 3185
3165 3513	3165 3186
3166 3514	3166 3187
3167 3515	3167 3189
3168 3516	3168 3190
3169 3517	3169 3191
3170 3518	3170 3192
3171 3519	3171 3193
3172 3519	3172 3193
3173 3520	3173 3194
3174 3521	3174 3195
3175 3522	3175 3196
3176 3523	3176 3197
3177 3524	3177 3198
3178 3525	3178 3199
3179 3526	3179 3200
3180 3527	3180 3201
3181 3528	3181 3203
3182 3529	3182 3204
3183 3530	3183 3205
3184 3531	3184 3206
3185 3532	3185 3207
3186 3533	3186 3208
3187 3534	3187 3209
3188 3535	3188 3210
3190 3535	3190 3210
3191 3536	3191 3211
3192 3537	3192 3212
3193 3538	3193 3213
3194 3539	3194 3214
3195 3540	3195 3216
3196 3541	3196 3217
3197 3542	3197 3218
3198 3543	3198 3219
3199 3544	3199 3220
3200 3545	3200 3221
3201 3546	3201 3222
3202 3547	3202 3223
3203 3548	3203 3224
3204 3549	3204 3225
3205 3550	3205 3226
3206 3551	3206 3227
3207 3551	3207 3227
3208 3552	3208 3229
3209 3553	3209 3230
3210 3554	3210 3231
3211 3555	3211 3232
3212 3556	3212 3233
3213 3557	3213 3234
3214 3558	3214 3235
3215 3559	3215 3236
3216 3560	3216 3237
3217 3561	3217 3238
3218 3562	3218 3239
3219 3563	3219 3240
3220 3564	3220 3242
3221 3565	3221 3243
3222 3566	3222 3244
3223 3567	3223 3245
3224 3567	3224 3245
3225 3568	3225 3246
3226 3569	3226 3247
3227 3570	3227 3248
3228 3571	3228 3249
3229 3572	3229 3250
3230 3573	3230 3251
3231 3574	3231 3252
3233 3575	3233 3253
3234 3576	3234 3255
3235 3577	3235 3256
3236 3578	3236 3257
3237 3579	3237 3258
3238 3580	3238 3259
3239 3581	3239 3260
3240 3582	3240 3261
3241 3582	3241 3261
3242 3583	3242 3262
3243 3584	3243 3263
3244 3585	3244 3264
3245 3586	3245 3265
3246 3587	3246 3267
3247 3588	3247 3268
3248 3589	3248 3269
3249 3590	3249 3270
3250 3591	3250 3271
3251 3592	3251 3272
3252 3593	3252 3273
3253 3594	3253 3274
3254 3595	3254 3275
3255 3596	3255 3276
3256 3596	3256 3276
3257 3597	3257 3277
3258 3598	3258 3279
3259 3599	3259 3280
3260 3600	3260 3281
3261 3601	3261 3282
3262 3602	3262 3283
3263 3603	3263 3284
3264 3604	3264 3285
3265 3605	3265 3286
3266 3606	3266 3287
3267 3607	3267 3288
3268 3608	3268 3289
3269 3609	3269 3290
3270 3610	3270 3292
3271 3610	3271 3292
3272 3611	3272 3293
3273 3612	3273 3294
3274 3613	3274 3295
3276 3614	3276 3296
3277 3615	3277 3297
3278 3616	3278 3298
3279 3617	3279 3299
3280 3618	3280 3300
3281 3619	3281 3301
3282 3620	3282 3302
3283 3621	3283 3304
3284 3622	3284 3305
3285 3623	3285 3306
3286 3623	3286 3306
3287 3624	3287 3307
3288 3625	3288 3308
3289 3626	3289 3309
3290 3627	3290 3310
3291 3628	3291 3311
3292 3629	3292 3312
3293 3630	3293 3313
3294 3631	3294 3314
3295 3632	3295 3316
3296 3633	3296 3317
3297 3634	3297 3318
3298 3635	3298 3319
3299 3636	3299 3320
3300 3636	3300 3320
3301 3637	3301 3321
3302 3638	3302 3322
3303 3639	3303 3323
3304 3640	3304 3324
3305 3641	3305 3325
3306 3642	3306 3327
3307 3643	3307 3328
3308 3644	3308 3329
3309 3645	3309 3330
3310 3646	3310 3331
3311 3647	3311 3332
3312 3648	3312 3333
3313 3649	3313 3334
3314 3649	3314 3334
3315 3650	3315 3335
3316 3651	3316 3336
3317 3652	3317 3337
3318 3653	3318 3339
3320 3654	3320 3340
3321 3655	3321 3341
3322 3656	3322 3342
3323 3657	3323 3343
3324 3658	3324 3344
3325 3659	3325 3345
3326 3660	3326 3346
3327 3661	3327 3347
3328 3661	3328 3347
3329 3662	3329 3348
3330 3663	3330 3349
3331 3664	3331 3351
3332 3665	3332 3352
3333 3666	3333 3353
3334 3667	3334 3354
3335 3668	3335 3355
3336 3669	3336 3356
3337 3670	3337 3357
3338 3671	3338 3358
3339 3672	3339 3359
3340 3673	3340 3360
3341 3673	3341 3360
3342 3674	3342 3362
3343 3675	3343 3363
3344 3676	3344 3364
3345 3677	3345 3365
3346 3678	3346 3366
3347 3679	3347 3367
3348 3680	3348 3368
3349 3681	3349 3369
3350 3682	3350 3370
3351 3683	3351 3371
3352 3684	3352 3373
3353 3685	3353 3374
3354 3685	3354 3374
3355 3686	3355 3375
3356 3687	3356 3376
3357 3688	3357 3377
3358 3689	3358 3378
3359 3690	3359 3379
3360 3691	3360 3380
3361 3692	3361 3381
3363 3693	3363 3382
3364 3694	3364 3384
3365 3695	3365 3385
3366 3696	3366 3386
3367 3697	3367 3387
3368 3697	3368 3387
3369 3698	3369 3388
3370 3699	3370 3389
3371 3700	3371 3390
3372 3701	3372 3391
3373 3702	3373 3392
3374 3703	3374 3393
3375 3704	3375 3395
3376 3705	3376 3396
3377 3706	3377 3397
3378 3707	3378 3398
3379 3708	3379 3399
3380 3708	3380 3399
3381 3709	3381 3400
3382 3710	3382 3401
3383 3711	3383 3402
3384 3712	3384 3403
3385 3713	3385 3404
3386 3714	3386 3406
3387 3715	3387 3407
3388 3716	3388 3408
3389 3717	3389 3409
3390 3718	3390 3410
3391 3719	3391 3411
3392 3719	3392 3411
3393 3720	3393 3412
3394 3721	3394 3413
3395 3722	3395 3414
3396 3723	3396 3415
3397 3724	3397 3417
3398 3725	3398 3418
3399 3726	3399 3419
3400 3727	3400 3420
3401 3728	3401 3421
3402 3729	3402 3422
3403 3730	3403 3423
3404 3730	3404 3423
3406 3731	3406 3424
3407 3732	3407 3425
3408 3733	3408 3426
3409 3734	3409 3428
3410 3735	3410 3429
3411 3736	3411 3430
3412 3737	3412 3431
3413 3738	3413 3432
3414 3739	3414 3433
3415 3740	3415 3434
3416 3740	3416 3434
3417 3741	3417 3435
3418 3742	3418 3436
3419 3743	3419 3437
3420 3744	3420 3439
3421 3745	3421 3440
3422 3746	3422 3441
3423 3747	3423 3442
3424 3748	3424 3443
3425 3749	3425 3444
3426 3750	3426 3445
3427 3751	3427 3446
3428 3751	3428 3446
3429 3752	3429 3447
3430 3753	3430 3449
3431 3754	3431 3450
3432 3755	3432 3451
3433 3756	3433 3452
3434 3757	3434 3453
3435 3758	3435 3454
3436 3759	3436 3455
3437 3760	3437 3456
3438 3761	3438 3457
3439 3761	3439 3457
3440 3762	3440 3458
3441 3763	3441 3460
3442 3764	3442 3461
3443 3765	3443 3462
3444 3766	3444 3463
3445 3767	3445 3464
3446 3768	3446 3465
3447 3769	3447 3466
3449 3770	3449 3467
3450 3771	3450 3468
3451 3771	3451 3468
3452 3772	3452 3470
3453 3773	3453 3471
3454 3774	3454 3472
3455 3775	3455 3473
3456 3776	3456 3474
3457 3777	3457 3475
3458 3778	3458 3476
3459 3779	3459 3477
3460 3780	3460 3478
3461 3781	3461 3480
3462 3781	3462 3480
3463 3782	3463 3481
3464 3783	3464 3482
3465 3784	3465 3483
3466 3785	3466 3484
3467 3786	3467 3485
3468 3787	3468 3486
3469 3788	3469 3487
3470 3789	3470 3488
3471 3790	3471 3489
3472 3791	3472 3491
3473 3791	3473 3491
3474 3792	3474 3492
3475 3793	3475 3493
3476 3794	3476 3494
3477 3795	3477 3495
3478 3796	3478 3496
3479 3797	3479 3497
3480 3798	3480 3498
3481 3799	3481 3499
3482 3800	3482 3501
3483 3800	3483 3501
3484 3801	3484 3502
3485 3802	3485 3503
3486 3803	3486 3504
3487 3804	3487 3505
3488 3805	3488 3506
3489 3806	3489 3507
3490 3807	3490 3508
3492 3808	3492 3509
3493 3809	3493 3511
3494 3810	3494 3512
3495 3810	3495 3512
3496 3811	3496 3513
3497 3812	3497 3514
3498 3813	3498 3515
3499 3814	3499 3516
3500 3815	3500 3517
3501 3816	3501 3518
3502 3817	3502 3519
3503 3818	3503 3521
3504 3819	3504 3522
3505 3819	3505 3522
3506 3820	3506 3523
3507 3821	3507 3524
3508 3822	3508 3525
3509 3823	3509 3526
3510 3824	3510 3527
3511 3825	3511 3528
3512 3826	3512 3529
3513 3827	3513 3531
3514 3828	3514 3532
3515 3828	3515 3532
3516 3829	3516 3533
3517 3830	3517 3534
3518 3831	3518 3535
3519 3832	3519 3536
3520 3833	3520 3537
3521 3834	3521 3538
3522 3835	3522 3540
3523 3836	3523 3541
3524 3837	3524 3542
3525 3837	3525 3542
3526 3838	3526 3543
3527 3839	3527 3544
3528 3840	3528 3545
3529 3841	3529 3546
3530 3842	3530 3547
3531 3843	3531 3548
3532 3844	3532 3550
3533 3845	3533 3551
3535 3846	3535 3552
3536 3846	3536 3552
3537 3847	3537 3553
3538 3848	3538 3554
3539 3849	3539 3555
3540 3850	3540 3556
3541 3851	3541 3557
3542 3852	3542 3558
3543 3853	3543 3560
3544 3854	3544 3561
3545 3855	3545 3562
3546 3855	3546 3562
3547 3856	3547 3563
3548 3857	3548 3564
3549 3858	3549 3565
3550 3859	3550 3566
3551 3860	3551 3567
3552 3861	3552 3569
3553 3862	3553 3570
3554 3863	3554 3571
3555 3864	3555 3572
3556 3864	3556 3572
3557 3865	3557 3573
3558 3866	3558 3574
3559 3867	3559 3575
3560 3868	3560 3576
3561 3869	3561 3577
3562 3870	3562 3579
3563 3871	3563 3580
3564 3872	3564 3581
3565 3872	3565 3581
3566 3873	3566 3582
3567 3874	3567 3583
3568 3875	3568 3584
3569 3876	3569 3585
3570 3877	3570 3586
3571 3878	3571 3588
3572 3879	3572 3589
3573 3880	3573 3590
3574 3881	3574 3591
3575 3881	3575 3591
3576 3882	3576 3592
3578 3883	3578 3593
3579 3884	3579 3594
3580 3885	3580 3595
3581 3886	3581 3596
3582 3887	3582 3598
3583 3888	3583 3599
3584 3889	3584 3600
3585 3889	3585 3600
3586 3890	3586 3601
3587 3891	3587 3602
3588 3892	3588 3603
3589 3893	3589 3604
3590 3894	3590 3605
3591 3895	3591 3607
3592 3896	3592 3608
3593 3897	3593 3609
3594 3897	3594 3609
3595 3898	3595 3610
3596 3899	3596 3611
3597 3900	3597 3612
3598 3901	3598 3613
3599 3902	3599 3614
3600 3903	3600 3615
3601 3904	3601 3617
3602 3905	3602 3618
3603 3905	3603 3618
3604 3906	3604 3619
3605 3907	3605 3620
3606 3908	3606 3621
3607 3909	3607 3622
3608 3910	3608 3623
3609 3911	3609 3624
3610 3912	3610 3626
3611 3913	3611 3627
3612 3914	3612 3628
3613 3914	3613 3628
3614 3915	3614 3629
3615 3916	3615 3630
3616 3917	3616 3631
3617 3918	3617 3632
3618 3919	3618 3633
3619 3920	3619 3635
3621 3921	3621 3636
3622 3922	3622 3637
3623 3922	3623 3637
3624 3923	3624 3638
3625 3924	3625 3639
3626 3925	3626 3640
3627 3926	3627 3641
3628 3927	3628 3642
3629 3928	3629 3644
3630 3929	3630 3645
3631 3929	3631 3645
3632 3930	3632 3646
3633 3931	3633 3647
3634 3932	3634 3648
3635 3933	3635 3649
3636 3934	3636 3650
3637 3935	3637 3651
3638 3936	3638 3653
3639 3937	3639 3654
3640 3937	3640 3654
3641 3938	3641 3655
3642 3939	3642 3656
3643 3940	3643 3657
3644 3941	3644 3658
3645 3942	3645 3659
3646 3943	3646 3660
3647 3944	3647 3662
3648 3945	3648 3663
3649 3945	3649 3663
3650 3946	3650 3664
3651 3947	3651 3665
3652 3948	3652 3666
3653 3949	3653 3667
3654 3950	3654 3668
3655 3951	3655 3669
3656 3952	3656 3671
3657 3953	3657 3672
3658 3953	3658 3672
3659 3954	3659 3673
3660 3955	3660 3674
3661 3956	3661 3675
3662 3957	3662 3676
3664 3958	3664 3677
3665 3959	3665 3678
3666 3960	3666 3680
3667 3960	3667 3680
3668 3961	3668 3681
3669 3962	3669 3682
3670 3963	3670 3683
3671 3964	3671 3684
3672 3965	3672 3685
3673 3966	3673 3686
3674 3967	3674 3687
3675 3968	3675 3689
3676 3968	3676 3689
3677 3969	3677 3690
3678 3970	3678 3691
3679 3971	3679 3692
3680 3972	3680 3693
3681 3973	3681 3694
3682 3974	3682 3695
3683 3975	3683 3696
3684 3975	3684 3696
3685 3976	3685 3698
3686 3977	3686 3699
3687 3978	3687 3700
3688 3979	3688 3701
3689 3980	3689 3702
3690 3981	3690 3703
3691 3982	3691 3704
3692 3983	3692 3706
3693 3983	3693 3706
3694 3984	3694 3707
3695 3985	3695 3708
3696 3986	3696 3709
3697 3987	3697 3710
3698 3988	3698 3711
3699 3989	3699 3712
3700 3990	3700 3713
3701 3990	3701 3713
3702 3991	3702 3715
3703 3992	3703 3716
3704 3993	3704 3717
3705 3994	3705 3718
3706 3995	3706 3719
3708 3996	3708 3720
3709 3997	3709 3721
3710 3997	3710 3721
3711 3998	3711 3722
3712 3999	3712 3724
3713 4000	3713 3725
3714 4001	3714 3726
3715 4002	3715 3727
3716 4003	3716 3728
3717 4004	3717 3729
3718 4004	3718 3729
3719 4005	3719 3730
3720 4006	3720 3732
3721 4007	3721 3733
3722 4008	3722 3734
3723 4009	3723 3735
3724 4010	3724 3736
3725 4011	3725 3737
3726 4012	3726 3738
3727 4012	3727 3738
3728 4013	3728 3739
3729 4014	3729 3741
3730 4015	3730 3742
3731 4016	3731 3743
3732 4017	3732 3744
3733 4018	3733 3745
3734 4019	3734 3746
3735 4019	3735 3746
3736 4020	3736 3747
3737 4021	3737 3749
3738 4022	3738 3750
3739 4023	3739 3751
3740 4024	3740 3752
3741 4025	3741 3753
3742 4026	3742 3754
3743 4026	3743 3754
3744 4027	3744 3755
3745 4028	3745 3756
3746 4029	3746 3758
3747 4030	3747 3759
3748 4031	3748 3760
3749 4032	3749 3761
3751 4033	3751 3762
3752 4033	3752 3762
3753 4034	3753 3763
3754 4035	3754 3764
3755 4036	3755 3766
3756 4037	3756 3767
3757 4038	3757 3768
3758 4039	3758 3769
3759 4039	3759 3769
3760 4040	3760 3770
3761 4041	3761 3771
3762 4042	3762 3772
3763 4043	3763 3773
3764 4044	3764 3775
3765 4045	3765 3776
3766 4046	3766 3777
3767 4046	3767 3777
3768 4047	3768 3778
3769 4048	3769 3779
3770 4049	3770 3780
3771 4050	3771 3781
3772 4051	3772 3783
3773 4052	3773 3784
3774 4053	3774 3785
3775 4053	3775 3785
3776 4054	3776 3786
3777 4055	3777 3787
3778 4056	3778 3788
3779 4057	3779 3789
3780 4058	3780 3791
3781 4059	3781 3792
3782 4060	3782 3793
3783 4060	3783 3793
3784 4061	3784 3794
3785 4062	3785 3795
3786 4063	3786 3796
3787 4064	3787 3797
3788 4065	3788 3799
3789 4066	3789 3800
3790 4066	3790 3800
3791 4067	3791 3801
3792 4068	3792 3802
3794 4069	3794 3803
3795 4070	3795 3804
3796 4071	3796 3805
3797 4072	3797 3806
3798 4073	3798 3808
3799 4073	3799 3808
3800 4074	3800 3809
3801 4075	3801 3810
3802 4076	3802 3811
3803 4077	3803 3812
3804 4078	3804 3813
3805 4079	3805 3814
3806 4080	3806 3816
3807 4080	3807 3816
3808 4081	3808 3817
3809 4082	3809 3818
3810 4083	3810 3819
3811 4084	3811 3820
3812 4085	3812 3821
3813 4086	3813 3822
3814 4086	3814 3822
3815 4087	3815 3824
3816 4088	3816 3825
3817 4089	3817 3826
3818 4090	3818 3827
3819 4091	3819 3828
3820 4092	3820 3829
3821 4093	3821 3830
3822 4093	3822 3830
3823 4094	3823 3832
3824 4095	3824 3833
3825 4095	3825 3833
3826 4095	3826 3833
3827 4095	3827 3833
3828 4095	3828 3833
3829 4095	3829 3833
3830 4095	3830 3833
3831 4095	3831 3833
3832 4095	3832 3833
3833 4095	3833 3833
3834 4095	3834 3833
3835 4095	3835 3833
3837 4095	3837 3833
3838 4095	3838 3833
3839 4095	3839 3833
3840 4095	3840 3833
3841 4095	3841 3833
3842 4095	3842 3833
3843 4095	3843 3833
3844 4095	3844 3833
3845 4095	3845 3833
3846 4095	3846 3833
3847 4095	3847 3833
3848 4095	3848 3833
3849 4095	3849 3833
3850 4095	3850 3833
3851 4095	3851 3833
3852 4095	3852 3833
3853 4095	3853 3833
3854 4095	3854 3833
3855 4095	3855 3833
3856 4095	3856 3833
3857 4095	3857 3833
3858 4095	3858 3833
3859 4095	3859 3833
3860 4095	3860 3833
3861 4095	3861 3833
3862 4095	3862 3833
3863 4095	3863 3833
3864 4095	3864 3833
3865 4095	3865 3833
3866 4095	3866 3833
3867 4095	3867 3833
3868 4095	3868 3833
3869 4095	3869 3833
3870 4095	3870 3833
3871 4095	3871 3833
3872 4095	3872 3833
3873 4095	3873 3833
3874 4095	3874 3833
3875 4095	3875 3833
3876 4095	3876 3833
3877 4095	3877 3833
3878 4095	3878 3833
3880 4095	3880 3833
3881 4095	3881 3833
3882 4095	3882 3833
3883 4095	3883 3833
3884 4095	3884 3833
3885 4095	3885 3833
3886 4095	3886 3833
3887 4095	3887 3833
3888 4095	3888 3833
3889 4095	3889 3833
3890 4095	3890 3833
3891 4095	3891 3833
3892 4095	3892 3833
3893 4095	3893 3833
3894 4095	3894 3833
3895 4095	3895 3833
3896 4095	3896 3833
3897 4095	3897 3833
3898 4095	3898 3833
3899 4095	3899 3833
3900 4095	3900 3833
3901 4095	3901 3833
3902 4095	3902 3833
3903 4095	3903 3833
3904 4095	3904 3833
3905 4095	3905 3833
3906 4095	3906 3833
3907 4095	3907 3833
3908 4095	3908 3833
3909 4095	3909 3833
3910 4095	3910 3833
3911 4095	3911 3833
3912 4095	3912 3833
3913 4095	3913 3833
3914 4095	3914 3833
3915 4095	3915 3833
3916 4095	3916 3833
3917 4095	3917 3833
3918 4095	3918 3833
3919 4095	3919 3833
3920 4095	3920 3833
3921 4095	3921 3833
3923 4095	3923 3833
3924 4095	3924 3833
3925 4095	3925 3833
3926 4095	3926 3833
3927 4095	3927 3833
3928 4095	3928 3833
3929 4095	3929 3833
3930 4095	3930 3833
3931 4095	3931 3833
3932 4095	3932 3833
3933 4095	3933 3833
3934 4095	3934 3833
3935 4095	3935 3833
3936 4095	3936 3833
3937 4095	3937 3833
3938 4095	3938 3833
3939 4095	3939 3833
3940 4095	3940 3833
3941 4095	3941 3833
3942 4095	3942 3833
3943 4095	3943 3833
3944 4095	3944 3833
3945 4095	3945 3833
3946 4095	3946 3833
3947 4095	3947 3833
3948 4095	3948 3833
3949 4095	3949 3833
3950 4095	3950 3833
3951 4095	3951 3833
3952 4095	3952 3833
3953 4095	3953 3833
3954 4095	3954 3833
3955 4095	3955 3833
3956 4095	3956 3833
3957 4095	3957 3833
3958 4095	3958 3833
3959 4095	3959 3833
3960 4095	3960 3833
3961 4095	3961 3833
3962 4095	3962 3833
3963 4095	3963 3833
3964 4095	3964 3833
3966 4095	3966 3833
3967 4095	3967 3833
3968 4095	3968 3833
3969 4095	3969 3833
3970 4095	3970 3833
3971 4095	3971 3833
3972 4095	3972 3833
3973 4095	3973 3833
3974 4095	3974 3833
3975 4095	3975 3833
3976 4095	3976 3833
3977 4095	3977 3833
3978 4095	3978 3833
3979 4095	3979 3833
3980 4095	3980 3833
3981 4095	3981 3833
3982 4095	3982 3833
3983 4095	3983 3833
3984 4095	3984 3833
3985 4095	3985 3833
3986 4095	3986 3833
3987 4095	3987 3833
3988 4095	3988 3833
3989 4095	3989 3833
3990 4095	3990 3833
3991 4095	3991 3833
3992 4095	3992 3833
3993 4095	3993 3833
3994 4095	3994 3833
3995 4095	3995 3833
3996 4095	3996 3833
3997 4095	3997 3833
3998 4095	3998 3833
3999 4095	3999 3833
4000 4095	4000 3833
4001 4095	4001 3833
4002 4095	4002 3833
4003 4095	4003 3833
4004 4095	4004 3833
4005 4095	4005 3833
4006 4095	4006 3833
4007 4095	4007 3833
4009 4095	4009 3833
4010 4095	4010 3833
4011 4095	4011 3833
4012 4095	4012 3833
