81 121
82 122
83 123
84 124
85 124
87 125
88 127
89 127
90 128
91 129
92 130
93 131
94 132
95 132
96 134
97 135
98 135
99 136
100 137
101 138
102 139
103 140
104 141
105 142
106 142
107 143
108 145
109 145
110 146
111 147
112 148
113 149
114 150
115 151
116 152
117 153
118 153
119 155
120 155
121 156
122 157
123 158
124 159
125 160
126 160
127 162
128 163
130 163
131 164
132 166
133 166
134 167
135 168
136 169
137 170
138 171
139 171
140 173
141 173
142 174
143 175
144 176
145 177
146 178
147 179
148 180
149 181
150 181
151 182
152 184
153 184
154 185
155 186
156 187
157 188
158 189
159 189
160 191
161 192
162 192
163 193
164 195
165 195
166 196
167 197
168 198
169 199
170 200
171 200
173 202
174 203
175 203
176 204
177 206
178 206
179 207
180 208
181 209
182 210
183 211
184 211
185 213
186 214
187 214
188 215
189 216
190 217
191 218
192 219
193 220
194 221
195 222
196 222
197 224
198 225
199 225
200 226
201 227
202 228
203 229
204 230
205 231
206 232
207 233
208 233
209 235
210 236
211 236
212 237
213 238
214 239
216 240
217 241
218 242
219 243
220 244
221 244
222 246
223 247
224 247
225 248
226 249
227 250
228 251
229 252
230 253
231 254
232 255
233 255
234 257
235 258
236 258
237 259
238 261
239 261
240 262
241 263
242 264
243 265
244 266
245 266
246 268
247 269
248 269
249 270
250 272
251 272
252 273
253 274
254 275
255 276
256 277
257 278
259 279
260 280
261 280
262 281
263 282
264 283
265 284
266 285
267 286
268 287
269 288
270 289
271 289
272 291
273 292
274 292
275 293
276 295
277 295
278 296
279 297
280 298
281 299
282 300
283 301
284 302
285 303
286 303
287 304
288 306
289 306
290 307
291 308
292 309
293 310
294 311
295 312
296 313
297 314
298 315
299 315
300 317
302 318
303 318
304 319
305 321
306 321
307 322
308 323
309 324
310 325
311 326
312 327
313 328
314 329
315 330
316 330
317 332
318 333
319 333
320 334
321 336
322 336
323 337
324 338
325 339
326 340
327 341
328 342
329 343
330 344
331 345
332 345
333 347
334 348
335 348
336 349
337 351
338 351
339 352
340 353
341 354
342 355
343 356
345 357
346 358
347 359
348 360
349 360
350 362
351 363
352 363
353 364
354 366
355 366
356 367
357 368
358 369
359 370
360 371
361 372
362 373
363 374
364 375
365 375
366 376
367 378
368 378
369 379
370 380
371 381
372 382
373 383
374 384
375 385
376 386
377 387
378 387
379 389
380 390
381 390
382 391
383 393
384 394
385 394
386 395
388 397
389 397
390 398
391 399
392 400
393 401
394 402
395 403
396 404
397 405
398 406
399 406
400 408
401 409
402 409
403 410
404 412
405 412
406 413
407 414
408 415
409 416
410 417
411 418
412 419
413 420
414 421
415 422
416 423
417 424
418 425
419 425
420 426
421 428
422 428
423 429
424 430
425 431
426 432
427 433
428 434
429 435
430 436
432 437
433 438
434 439
435 440
436 441
437 441
438 443
439 444
440 444
441 445
442 447
443 447
444 448
445 449
446 451
447 451
448 452
449 453
450 454
451 455
452 456
453 457
454 458
455 459
456 460
457 460
458 461
459 463
460 464
461 464
462 465
463 467
464 467
465 468
466 469
467 470
468 471
469 472
470 473
471 474
472 475
473 476
475 477
476 478
477 479
478 480
479 480
480 482
481 483
482 484
483 484
484 486
485 487
486 487
487 488
488 490
489 490
490 491
491 492
492 493
493 494
494 495
495 496
496 497
497 498
498 499
499 500
500 500
501 502
502 503
503 504
504 504
505 506
506 507
507 507
508 508
509 510
510 511
511 511
512 512
513 514
514 514
515 515
516 516
518 517
519 518
520 519
521 520
522 521
523 522
524 523
525 524
526 524
527 526
528 527
529 528
530 528
531 530
532 531
533 531
534 532
535 534
536 535
537 535
538 536
539 538
540 538
541 539
542 540
543 541
544 542
545 543
546 544
547 545
548 546
549 547
550 548
551 548
552 550
553 551
554 552
555 552
556 554
557 555
558 556
559 556
561 558
562 559
563 559
564 560
565 562
566 563
567 563
568 564
569 565
570 566
571 567
572 568
573 569
574 570
575 571
576 572
577 573
578 574
579 575
580 576
581 577
582 578
583 579
584 580
585 580
586 582
587 583
588 584
589 584
590 585
591 587
592 588
593 588
594 589
595 591
596 591
597 592
598 593
599 595
600 595
601 596
602 597
604 599
605 599
606 600
607 601
608 602
609 603
610 604
611 605
612 606
613 607
614 608
615 609
616 610
617 611
618 612
619 613
620 613
621 615
622 616
623 617
624 617
625 619
626 620
627 621
628 621
629 622
630 624
631 624
632 625
633 626
634 628
635 628
636 629
637 630
638 632
639 632
640 633
641 634
642 636
643 636
644 637
645 638
647 639
648 640
649 641
650 642
651 643
652 644
653 645
654 646
655 647
656 648
657 649
658 650
659 651
660 651
661 653
662 654
663 654
664 655
665 657
666 658
667 658
668 659
669 661
670 662
671 662
672 663
673 665
674 666
675 666
676 667
677 668
678 670
679 670
680 671
681 672
682 674
683 674
684 675
685 676
686 678
687 678
688 679
690 680
691 681
692 682
693 683
694 684
695 685
696 686
697 687
698 688
699 689
700 690
701 691
702 692
703 693
704 693
705 695
706 696
707 697
708 697
709 699
710 700
711 701
712 701
713 703
714 704
715 705
716 705
717 706
718 708
719 709
720 709
721 710
722 712
723 713
724 713
725 714
726 716
727 717
728 717
729 718
730 719
731 721
733 721
734 722
735 723
736 725
737 725
738 726
739 727
740 729
741 729
742 730
743 731
744 732
745 733
746 734
747 735
748 736
749 737
750 738
751 739
752 740
753 741
754 742
755 743
756 744
757 745
758 746
759 747
760 748
761 749
762 750
763 751
764 752
765 753
766 754
767 755
768 756
769 757
770 758
771 759
772 760
773 761
774 762
776 763
777 764
778 765
779 766
780 766
781 768
782 769
783 770
784 770
785 772
786 773
787 774
788 775
789 775
790 777
791 778
792 779
793 779
794 781
795 782
796 783
797 783
798 785
799 786
800 787
801 787
802 788
803 790
804 791
805 792
806 792
807 794
808 795
809 796
810 796
811 797
812 799
813 800
814 800
815 801
816 803
817 804
818 805
820 805
821 806
822 808
823 809
824 809
825 810
826 812
827 813
828 813
829 814
830 815
831 817
832 818
833 818
834 819
835 821
836 822
837 822
838 823
839 824
840 826
841 826
842 827
843 828
844 830
845 831
846 831
847 832
848 833
849 835
850 835
851 836
852 837
853 839
854 840
855 840
856 841
857 842
858 844
859 844
860 845
861 846
863 848
864 849
865 849
866 850
867 851
868 853
869 853
870 854
871 855
872 857
873 858
874 858
875 859
876 860
877 862
878 862
879 863
880 864
881 866
882 867
883 867
884 868
885 869
886 871
887 871
888 872
889 873
890 875
891 876
892 876
893 877
894 878
895 880
896 881
897 881
898 882
899 884
900 885
901 885
902 886
903 887
904 889
906 890
907 890
908 891
909 892
910 894
911 895
912 895
913 896
914 898
915 899
916 899
917 900
918 901
919 903
920 904
921 904
922 905
923 907
924 908
925 909
926 909
927 910
928 912
929 913
930 913
931 914
932 915
933 917
934 918
935 918
936 919
937 921
938 922
939 923
940 923
941 924
942 926
943 927
944 928
945 928
946 929
947 931
949 932
950 933
951 933
952 935
953 936
954 937
955 937
956 938
957 940
958 941
959 942
960 942
961 944
962 945
963 946
964 947
965 947
966 949
967 950
968 951
969 952
970 952
971 954
972 955
973 956
974 957
975 957
976 959
977 960
978 961
979 962
980 963
981 964
982 965
983 966
984 967
985 968
986 969
987 970
988 971
989 972
990 973
992 974
993 975
994 976
995 977
996 978
997 979
998 980
999 981
1000 982
1001 983
1002 984
1003 985
1004 986
1005 987
1006 988
1007 989
1008 990
1009 991
1010 992
1011 993
1012 994
1013 995
1014 997
1015 997
1016 998
1017 999
1018 1000
1019 1002
1020 1003
1021 1003
1022 1004
1023 1005
1024 1007
1025 1008
1026 1008
1027 1009
1028 1010
1029 1012
1030 1013
1031 1013
1032 1014
1033 1016
1035 1017
1036 1018
1037 1018
1038 1019
1039 1021
1040 1022
1041 1023
1042 1023
1043 1024
1044 1026
1045 1027
1046 1028
1047 1029
1048 1029
1049 1031
1050 1032
1051 1033
1052 1034
1053 1034
1054 1036
1055 1037
1056 1038
1057 1039
1058 1040
1059 1041
1060 1042
1061 1043
1062 1044
1063 1045
1064 1046
1065 1047
1066 1048
1067 1049
1068 1050
1069 1051
1070 1052
1071 1053
1072 1054
1073 1055
1074 1056
1075 1057
1076 1058
1078 1059
1079 1061
1080 1061
1081 1062
1082 1063
1083 1064
1084 1066
1085 1066
1086 1067
1087 1068
1088 1069
1089 1071
1090 1072
1091 1072
1092 1073
1093 1074
1094 1076
1095 1077
1096 1077
1097 1078
1098 1079
1099 1081
1100 1082
1101 1083
1102 1083
1103 1085
1104 1086
1105 1087
1106 1088
1107 1089
1108 1090
1109 1091
1110 1092
1111 1093
1112 1094
1113 1095
1114 1096
1115 1097
1116 1098
1117 1099
1118 1100
1119 1101
1121 1102
1122 1103
1123 1104
1124 1105
1125 1106
1126 1107
1127 1108
1128 1109
1129 1111
1130 1111
1131 1112
1132 1113
1133 1114
1134 1116
1135 1117
1136 1117
1137 1118
1138 1119
1139 1121
1140 1122
1141 1123
1142 1123
1143 1124
1144 1126
1145 1127
1146 1128
1147 1128
1148 1129
1149 1131
1150 1132
1151 1133
1152 1134
1153 1134
1154 1136
1155 1137
1156 1138
1157 1139
1158 1140
1159 1141
1160 1142
1161 1143
1162 1144
1164 1145
1165 1146
1166 1147
1167 1148
1168 1149
1169 1150
1170 1152
1171 1152
1172 1153
1173 1154
1174 1155
1175 1156
1176 1158
1177 1158
1178 1159
1179 1160
1180 1161
1181 1163
1182 1164
1183 1164
1184 1165
1185 1166
1186 1168
1187 1169
1188 1170
1189 1170
1190 1171
1191 1173
1192 1174
1193 1175
1194 1176
1195 1176
1196 1178
1197 1179
1198 1180
1199 1181
1200 1182
1201 1183
1202 1184
1203 1185
1204 1186
1205 1187
1207 1189
1208 1189
1209 1190
1210 1191
1211 1192
1212 1194
1213 1195
1214 1195
1215 1196
1216 1197
1217 1198
1218 1200
1219 1201
1220 1201
1221 1202
1222 1203
1223 1205
1224 1206
1225 1207
1226 1207
1227 1208
1228 1210
1229 1211
1230 1212
1231 1213
1232 1214
1233 1215
1234 1216
1235 1217
1236 1218
1237 1219
1238 1220
1239 1221
1240 1222
1241 1223
1242 1224
1243 1225
1244 1226
1245 1227
1246 1228
1247 1229
1248 1230
1249 1232
1251 1233
1252 1233
1253 1234
1254 1235
1255 1237
1256 1238
1257 1239
1258 1239
1259 1240
1260 1241
1261 1243
1262 1244
1263 1245
1264 1246
1265 1246
1266 1248
1267 1249
1268 1250
1269 1251
1270 1252
1271 1253
1272 1254
1273 1255
1274 1256
1275 1257
1276 1259
1277 1259
1278 1260
1279 1261
1280 1262
1281 1263
1282 1265
1283 1266
1284 1266
1285 1267
1286 1268
1287 1270
1288 1271
1289 1272
1290 1273
1291 1273
1292 1274
1294 1276
1295 1277
1296 1278
1297 1279
1298 1279
1299 1281
1300 1282
1301 1283
1302 1284
1303 1285
1304 1286
1305 1287
1306 1288
1307 1289
1308 1290
1309 1291
1310 1293
1311 1293
1312 1294
1313 1295
1314 1296
1315 1298
1316 1299
1317 1300
1318 1300
1319 1301
1320 1302
1321 1304
1322 1305
1323 1306
1324 1307
1325 1307
1326 1309
1327 1310
1328 1311
1329 1312
1330 1313
1331 1314
1332 1315
1333 1316
1334 1317
1335 1318
1337 1319
1338 1321
1339 1321
1340 1322
1341 1323
1342 1324
1343 1325
1344 1327
1345 1328
1346 1328
1347 1329
1348 1330
1349 1332
1350 1333
1351 1334
1352 1335
1353 1336
1354 1336
1355 1338
1356 1339
1357 1340
1358 1341
1359 1342
1360 1343
1361 1344
1362 1345
1363 1346
1364 1347
1365 1348
1366 1350
1367 1350
1368 1351
1369 1352
1370 1353
1371 1354
1372 1356
1373 1357
1374 1358
1375 1358
1376 1359
1377 1361
1378 1362
1380 1363
1381 1364
1382 1365
1383 1365
1384 1367
1385 1368
1386 1369
1387 1370
1388 1371
1389 1372
1390 1373
1391 1374
1392 1375
1393 1376
1394 1377
1395 1379
1396 1380
1397 1380
1398 1381
1399 1382
1400 1383
1401 1385
1402 1386
1403 1387
1404 1388
1405 1388
1406 1389
1407 1391
1408 1392
1409 1393
1410 1394
1411 1395
1412 1396
1413 1397
1414 1398
1415 1399
1416 1400
1417 1401
1418 1403
1419 1404
1420 1404
1421 1405
1423 1406
1424 1407
1425 1409
1426 1410
1427 1411
1428 1412
1429 1412
1430 1413
1431 1415
1432 1416
1433 1417
1434 1418
1435 1419
1436 1419
1437 1421
1438 1422
1439 1423
1440 1424
1441 1425
1442 1427
1443 1428
1444 1428
1445 1429
1446 1430
1447 1431
1448 1433
1449 1434
1450 1435
1451 1436
1452 1436
1453 1437
1454 1439
1455 1440
1456 1441
1457 1442
1458 1443
1459 1444
1460 1445
1461 1446
1462 1447
1463 1448
1464 1449
1466 1450
1467 1452
1468 1452
1469 1453
1470 1454
1471 1455
1472 1456
1473 1458
1474 1459
1475 1460
1476 1461
1477 1461
1478 1462
1479 1464
1480 1465
1481 1466
1482 1467
1483 1468
1484 1469
1485 1470
1486 1471
1487 1472
1488 1473
1489 1474
1490 1475
1491 1477
1492 1478
1493 1478
1494 1479
1495 1480
1496 1481
1497 1483
1498 1484
1499 1485
1500 1486
1501 1486
1502 1487
1503 1489
1504 1490
1505 1491
1506 1492
1507 1493
1509 1494
1510 1495
1511 1496
1512 1497
1513 1498
1514 1499
1515 1500
1516 1501
1517 1503
1518 1504
1519 1504
1520 1505
1521 1506
1522 1507
1523 1509
1524 1510
1525 1511
1526 1512
1527 1513
1528 1513
1529 1515
1530 1516
1531 1517
1532 1518
1533 1519
1534 1520
1535 1522
1536 1522
1537 1523
1538 1524
1539 1525
1540 1526
1541 1528
1542 1529
1543 1530
1544 1531
1545 1531
1546 1532
1547 1533
1548 1535
1549 1536
1550 1537
1552 1538
1553 1539
1554 1540
1555 1541
1556 1542
1557 1543
1558 1544
1559 1545
1560 1546
1561 1548
1562 1549
1563 1550
1564 1550
1565 1551
1566 1552
1567 1553
1568 1555
1569 1556
1570 1557
1571 1558
1572 1559
1573 1559
1574 1561
1575 1562
1576 1563
1577 1564
1578 1565
1579 1566
1580 1568
1581 1569
1582 1569
1583 1570
1584 1571
1585 1572
1586 1573
1587 1575
1588 1576
1589 1577
1590 1578
1591 1579
1592 1579
1593 1581
1595 1582
1596 1583
1597 1584
1598 1585
1599 1586
1600 1587
1601 1589
1602 1589
1603 1590
1604 1591
1605 1592
1606 1593
1607 1595
1608 1596
1609 1597
1610 1598
1611 1599
1612 1599
1613 1600
1614 1602
1615 1603
1616 1604
1617 1605
1618 1606
1619 1607
1620 1608
1621 1609
1622 1610
1623 1611
1624 1612
1625 1613
1626 1614
1627 1616
1628 1617
1629 1618
1630 1619
1631 1619
1632 1620
1633 1621
1634 1623
1635 1624
1636 1625
1637 1626
1639 1627
1640 1628
1641 1629
1642 1630
1643 1631
1644 1632
1645 1633
1646 1634
1647 1635
1648 1637
1649 1638
1650 1639
1651 1640
1652 1640
1653 1641
1654 1642
1655 1644
1656 1645
1657 1646
1658 1647
1659 1648
1660 1649
1661 1650
1662 1651
1663 1652
1664 1653
1665 1654
1666 1655
1667 1656
1668 1657
1669 1659
1670 1660
1671 1661
1672 1662
1673 1662
1674 1663
1675 1664
1676 1666
1677 1667
1678 1668
1679 1669
1680 1670
1682 1671
1683 1672
1684 1673
1685 1674
1686 1675
1687 1676
1688 1677
1689 1678
1690 1679
1691 1681
1692 1682
1693 1683
1694 1684
1695 1685
1696 1685
1697 1686
1698 1688
1699 1689
1700 1690
1701 1691
1702 1692
1703 1693
1704 1694
1705 1696
1706 1697
1707 1697
1708 1698
1709 1699
1710 1700
1711 1701
1712 1703
1713 1704
1714 1705
1715 1706
1716 1707
1717 1708
1718 1708
1719 1710
1720 1711
1721 1712
1722 1713
1723 1714
1725 1715
1726 1716
1727 1718
1728 1719
1729 1720
1730 1720
1731 1721
1732 1722
1733 1723
1734 1725
1735 1726
1736 1727
1737 1728
1738 1729
1739 1730
1740 1731
1741 1732
1742 1733
1743 1734
1744 1735
1745 1736
1746 1737
1747 1738
1748 1739
1749 1741
1750 1742
1751 1743
1752 1744
1753 1745
1754 1745
1755 1746
1756 1748
1757 1749
1758 1750
1759 1751
1760 1752
1761 1753
1762 1754
1763 1755
1764 1757
1765 1758
1766 1758
1768 1759
1769 1760
1770 1761
1771 1762
1772 1764
1773 1765
1774 1766
1775 1767
1776 1768
1777 1769
1778 1770
1779 1771
1780 1772
1781 1773
1782 1774
1783 1775
1784 1776
1785 1777
1786 1778
1787 1780
1788 1781
1789 1782
1790 1783
1791 1784
1792 1785
1793 1785
1794 1786
1795 1788
1796 1789
1797 1790
1798 1791
1799 1792
1800 1793
1801 1794
1802 1795
1803 1797
1804 1798
1805 1799
1806 1799
1807 1800
1808 1801
1809 1802
1811 1803
1812 1805
1813 1806
1814 1807
1815 1808
1816 1809
1817 1810
1818 1811
1819 1813
1820 1813
1821 1814
1822 1815
1823 1816
1824 1817
1825 1818
1826 1819
1827 1821
1828 1822
1829 1823
1830 1824
1831 1825
1832 1826
1833 1827
1834 1827
1835 1829
1836 1830
1837 1831
1838 1832
1839 1833
1840 1834
1841 1835
1842 1836
1843 1838
1844 1839
1845 1840
1846 1841
1847 1842
1848 1842
1849 1843
1850 1844
1851 1846
1852 1847
1854 1848
1855 1849
1856 1850
1857 1851
1858 1852
1859 1853
1860 1855
1861 1856
1862 1857
1863 1858
1864 1858
1865 1859
1866 1860
1867 1861
1868 1862
1869 1864
1870 1865
1871 1866
1872 1867
1873 1868
1874 1869
1875 1870
1876 1871
1877 1873
1878 1874
1879 1874
1880 1875
1881 1876
1882 1877
1883 1878
1884 1879
1885 1881
1886 1882
1887 1883
1888 1884
1889 1885
1890 1886
1891 1887
1892 1888
1893 1889
1894 1890
1895 1891
1897 1892
1898 1893
1899 1894
1900 1895
1901 1896
1902 1897
1903 1899
1904 1900
1905 1901
1906 1902
1907 1903
1908 1904
1909 1905
1910 1906
1911 1907
1912 1908
1913 1909
1914 1910
1915 1911
1916 1912
1917 1913
1918 1914
1919 1915
1920 1916
1921 1918
1922 1919
1923 1920
1924 1921
1925 1922
1926 1923
1927 1924
1928 1925
1929 1926
1930 1927
1931 1928
1932 1929
1933 1930
1934 1931
1935 1932
1936 1933
1937 1934
1938 1936
1940 1937
1941 1938
1942 1939
1943 1940
1944 1941
1945 1942
1946 1943
1947 1943
1948 1945
1949 1946
1950 1947
1951 1948
1952 1949
1953 1950
1954 1951
1955 1952
1956 1953
1957 1955
1958 1956
1959 1957
1960 1958
1961 1959
1962 1960
1963 1961
1964 1962
1965 1962
1966 1964
1967 1965
1968 1966
1969 1967
1970 1968
1971 1969
1972 1970
1973 1971
1974 1972
1975 1973
1976 1975
1977 1976
1978 1977
1979 1978
1980 1979
1981 1980
1983 1981
1984 1982
1985 1982
1986 1984
1987 1985
1988 1986
1989 1987
1990 1988
1991 1989
1992 1990
1993 1991
1994 1992
1995 1994
1996 1995
1997 1996
1998 1997
1999 1998
2000 1999
2001 2000
2002 2001
2003 2002
2004 2003
2005 2004
2006 2005
2007 2006
2008 2007
2009 2008
2010 2009
2011 2010
2012 2011
2013 2012
2014 2013
2015 2015
2016 2016
2017 2017
2018 2018
2019 2019
2020 2020
2021 2021
2022 2022
2023 2023
2024 2025
2026 2026
2027 2026
2028 2027
2029 2028
2030 2029
2031 2030
2032 2031
2033 2032
2034 2033
2035 2035
2036 2036
2037 2037
2038 2038
2039 2039
2040 2040
2041 2041
2042 2042
2043 2043
2044 2044
2045 2046
2046 2047
2047 2048
2048 2049
2049 2050
2050 2050
2051 2051
2052 2052
2053 2053
2054 2054
2055 2055
2056 2057
2057 2058
2058 2059
2059 2060
2060 2061
2061 2062
2062 2063
2063 2064
2064 2065
2065 2066
2066 2068
2067 2069
2068 2070
2070 2071
2071 2072
2072 2073
2073 2074
2074 2075
2075 2076
2076 2076
2077 2078
2078 2079
2079 2080
2080 2081
2081 2082
2082 2083
2083 2084
2084 2085
2085 2086
2086 2087
2087 2088
2088 2090
2089 2091
2090 2092
2091 2093
2092 2094
2093 2095
2094 2096
2095 2097
2096 2098
2097 2099
2098 2100
2099 2102
2100 2103
2101 2104
2102 2105
2103 2105
2104 2106
2105 2107
2106 2108
2107 2109
2108 2110
2109 2111
2110 2113
2111 2114
2113 2115
2114 2116
2115 2117
2116 2118
2117 2119
2118 2120
2119 2121
2120 2122
2121 2123
2122 2125
2123 2126
2124 2127
2125 2128
2126 2129
2127 2130
2128 2131
2129 2132
2130 2133
2131 2134
2132 2135
2133 2136
2134 2137
2135 2138
2136 2139
2137 2140
2138 2141
2139 2142
2140 2143
2141 2144
2142 2145
2143 2146
2144 2147
2145 2149
2146 2150
2147 2151
2148 2152
2149 2153
2150 2154
2151 2155
2152 2156
2153 2157
2154 2158
2156 2159
2157 2160
2158 2162
2159 2163
2160 2164
2161 2165
2162 2166
2163 2167
2164 2168
2165 2169
2166 2170
2167 2171
2168 2172
2169 2172
2170 2174
2171 2175
2172 2176
2173 2177
2174 2178
2175 2179
2176 2180
2177 2181
2178 2182
2179 2183
2180 2184
2181 2185
2182 2187
2183 2188
2184 2189
2185 2190
2186 2191
2187 2192
2188 2193
2189 2194
2190 2195
2191 2196
2192 2197
2193 2198
2194 2199
2195 2201
2196 2202
2197 2203
2199 2204
2200 2205
2201 2206
2202 2207
2203 2208
2204 2209
2205 2210
2206 2211
2207 2212
2208 2213
2209 2214
2210 2215
2211 2216
2212 2217
2213 2218
2214 2219
2215 2220
2216 2221
2217 2222
2218 2223
2219 2224
2220 2225
2221 2226
2222 2228
2223 2229
2224 2230
2225 2231
2226 2232
2227 2233
2228 2234
2229 2235
2230 2236
2231 2237
2232 2238
2233 2239
2234 2240
2235 2242
2236 2243
2237 2244
2238 2245
2239 2246
2240 2247
2242 2248
2243 2249
2244 2250
2245 2251
2246 2252
2247 2253
2248 2254
2249 2255
2250 2257
2251 2258
2252 2259
2253 2260
2254 2261
2255 2262
2256 2263
2257 2264
2258 2265
2259 2266
2260 2267
2261 2268
2262 2269
2263 2270
2264 2271
2265 2272
2266 2273
2267 2274
2268 2275
2269 2276
2270 2277
2271 2278
2272 2279
2273 2280
2274 2281
2275 2282
2276 2283
2277 2284
2278 2285
2279 2287
2280 2288
2281 2289
2282 2290
2283 2291
2285 2292
2286 2293
2287 2294
2288 2295
2289 2296
2290 2297
2291 2298
2292 2299
2293 2300
2294 2301
2295 2303
2296 2304
2297 2305
2298 2306
2299 2307
2300 2308
2301 2309
2302 2310
2303 2311
2304 2312
2305 2313
2306 2314
2307 2315
2308 2316
2309 2317
2310 2318
2311 2320
2312 2321
2313 2322
2314 2323
2315 2324
2316 2325
2317 2326
2318 2327
2319 2328
2320 2329
2321 2330
2322 2331
2323 2332
2324 2333
2325 2334
2326 2335
2328 2337
2329 2338
2330 2339
2331 2340
2332 2341
2333 2342
2334 2343
2335 2344
2336 2345
2337 2346
2338 2347
2339 2348
2340 2349
2341 2350
2342 2351
2343 2352
2344 2353
2345 2355
2346 2356
2347 2357
2348 2358
2349 2359
2350 2360
2351 2361
2352 2362
2353 2363
2354 2364
2355 2365
2356 2366
2357 2367
2358 2368
2359 2369
2360 2370
2361 2371
2362 2373
2363 2374
2364 2375
2365 2376
2366 2377
2367 2378
2368 2379
2369 2380
2371 2381
2372 2382
2373 2383
2374 2384
2375 2385
2376 2386
2377 2387
2378 2388
2379 2389
2380 2390
2381 2392
2382 2393
2383 2394
2384 2394
2385 2395
2386 2396
2387 2397
2388 2398
2389 2399
2390 2400
2391 2401
2392 2402
2393 2403
2394 2404
2395 2405
2396 2406
2397 2407
2398 2408
2399 2409
2400 2410
2401 2412
2402 2413
2403 2414
2404 2415
2405 2416
2406 2417
2407 2418
2408 2420
2409 2421
2410 2422
2411 2423
2412 2424
2414 2425
2415 2426
2416 2427
2417 2428
2418 2429
2419 2430
2420 2431
2421 2432
2422 2434
2423 2435
2424 2436
2425 2437
2426 2438
2427 2439
2428 2440
2429 2441
2430 2442
2431 2443
2432 2444
2433 2445
2434 2446
2435 2447
2436 2448
2437 2449
2438 2450
2439 2451
2440 2452
2441 2453
2442 2454
2443 2456
2444 2457
2445 2458
2446 2459
2447 2460
2448 2461
2449 2462
2450 2463
2451 2464
2452 2465
2453 2466
2454 2467
2455 2468
2457 2469
2458 2470
2459 2471
2460 2472
2461 2473
2462 2474
2463 2475
2464 2476
2465 2477
2466 2478
2467 2479
2468 2481
2469 2482
2470 2483
2471 2484
2472 2485
2473 2486
2474 2487
2475 2488
2476 2489
2477 2490
2478 2491
2479 2492
2480 2493
2481 2494
2482 2495
2483 2496
2484 2497
2485 2498
2486 2499
2487 2500
2488 2501
2489 2502
2490 2503
2491 2504
2492 2505
2493 2507
2494 2508
2495 2509
2496 2510
2497 2511
2498 2512
2499 2513
2501 2514
2502 2515
2503 2516
2504 2517
2505 2518
2506 2519
2507 2520
2508 2521
2509 2522
2510 2523
2511 2524
2512 2525
2513 2526
2514 2527
2515 2528
2516 2529
2517 2530
2518 2531
2519 2532
2520 2533
2521 2534
2522 2536
2523 2537
2524 2538
2525 2539
2526 2540
2527 2541
2528 2542
2529 2543
2530 2544
2531 2546
2532 2547
2533 2548
2534 2549
2535 2550
2536 2551
2537 2552
2538 2553
2539 2554
2540 2555
2541 2556
2542 2557
2544 2558
2545 2559
2546 2560
2547 2561
2548 2562
2549 2563
2550 2564
2551 2565
2552 2566
2553 2567
2554 2569
2555 2570
2556 2571
2557 2572
2558 2573
2559 2574
2560 2575
2561 2576
2562 2577
2563 2578
2564 2579
2565 2580
2566 2581
2567 2582
2568 2583
2569 2584
2570 2585
2571 2586
2572 2587
2573 2588
2574 2589
2575 2590
2576 2591
2577 2592
2578 2593
2579 2594
2580 2595
2581 2596
2582 2597
2583 2598
2584 2599
2585 2600
2587 2601
2588 2602
2589 2604
2590 2605
2591 2606
2592 2608
2593 2609
2594 2610
2595 2611
2596 2612
2597 2613
2598 2614
2599 2615
2600 2616
2601 2617
2602 2618
2603 2619
2604 2620
2605 2621
2606 2622
2607 2623
2608 2624
2609 2625
2610 2626
2611 2627
2612 2628
2613 2629
2614 2630
2615 2631
2616 2632
2617 2633
2618 2634
2619 2635
2620 2636
2621 2637
2622 2638
2623 2639
2624 2640
2625 2641
2626 2642
2627 2643
2628 2644
2630 2645
2631 2646
2632 2647
2633 2649
2634 2650
2635 2651
2636 2652
2637 2653
2638 2654
2639 2655
2640 2656
2641 2658
2642 2659
2643 2660
2644 2661
2645 2662
2646 2663
2647 2664
2648 2665
2649 2666
2650 2667
2651 2668
2652 2669
2653 2670
2654 2671
2655 2672
2656 2673
2657 2674
2658 2675
2659 2676
2660 2677
2661 2678
2662 2679
2663 2680
2664 2681
2665 2682
2666 2683
2667 2684
2668 2686
2669 2687
2670 2688
2671 2689
2673 2690
2674 2691
2675 2692
2676 2693
2677 2694
2678 2695
2679 2696
2680 2697
2681 2698
2682 2699
2683 2700
2684 2701
2685 2702
2686 2703
2687 2704
2688 2705
2689 2706
2690 2707
2691 2708
2692 2709
2693 2710
2694 2711
2695 2712
2696 2713
2697 2714
2698 2715
2699 2716
2700 2717
2701 2718
2702 2720
2703 2721
2704 2722
2705 2723
2706 2724
2707 2725
2708 2726
2709 2727
2710 2728
2711 2729
2712 2730
2713 2731
2714 2732
2716 2733
2717 2734
2718 2735
2719 2736
2720 2737
2721 2738
2722 2739
2723 2740
2724 2741
2725 2742
2726 2743
2727 2744
2728 2745
2729 2746
2730 2747
2731 2748
2732 2750
2733 2751
2734 2752
2735 2753
2736 2755
2737 2756
2738 2757
2739 2758
2740 2759
2741 2760
2742 2761
2743 2762
2744 2763
2745 2764
2746 2765
2747 2766
2748 2767
2749 2768
2750 2769
2751 2770
2752 2771
2753 2772
2754 2773
2755 2774
2756 2775
2757 2776
2759 2778
2760 2779
2761 2780
2762 2781
2763 2782
2764 2783
2765 2784
2766 2785
2767 2786
2768 2787
2769 2788
2770 2789
2771 2790
2772 2791
2773 2792
2774 2793
2775 2794
2776 2795
2777 2796
2778 2797
2779 2798
2780 2799
2781 2800
2782 2801
2783 2802
2784 2804
2785 2805
2786 2806
2787 2807
2788 2808
2789 2809
2790 2810
2791 2811
2792 2812
2793 2813
2794 2814
2795 2814
2796 2815
2797 2816
2798 2817
2799 2818
2800 2819
2802 2820
2803 2821
2804 2822
2805 2823
2806 2824
2807 2825
2808 2826
2809 2828
2810 2829
2811 2830
2812 2831
2813 2832
2814 2833
2815 2834
2816 2835
2817 2836
2818 2837
2819 2838
2820 2839
2821 2840
2822 2841
2823 2842
2824 2843
2825 2844
2826 2845
2827 2846
2828 2847
2829 2848
2830 2849
2831 2850
2832 2852
2833 2853
2834 2854
2835 2855
2836 2856
2837 2857
2838 2858
2839 2859
2840 2860
2841 2861
2842 2862
2843 2863
2845 2864
2846 2865
2847 2866
2848 2867
2849 2868
2850 2869
2851 2870
2852 2871
2853 2872
2854 2874
2855 2875
2856 2876
2857 2877
2858 2878
2859 2879
2860 2880
2861 2881
2862 2882
2863 2883
2864 2884
2865 2885
2866 2886
2867 2887
2868 2888
2869 2889
2870 2890
2871 2891
2872 2892
2873 2893
2874 2895
2875 2896
2876 2897
2877 2898
2878 2899
2879 2900
2880 2901
2881 2902
2882 2903
2883 2904
2884 2905
2885 2906
2886 2907
2887 2908
2889 2909
2890 2910
2891 2910
2892 2911
2893 2912
2894 2913
2895 2914
2896 2916
2897 2917
2898 2918
2899 2919
2900 2920
2901 2921
2902 2922
2903 2923
2904 2924
2905 2925
2906 2926
2907 2927
2908 2928
2909 2929
2910 2930
2911 2931
2912 2932
2913 2933
2914 2935
2915 2936
2916 2937
2917 2938
2918 2939
2919 2940
2920 2941
2921 2942
2922 2943
2923 2944
2924 2945
2925 2946
2926 2947
2927 2948
2928 2949
2929 2950
2930 2951
2932 2952
2933 2954
2934 2955
2935 2956
2936 2957
2937 2958
2938 2959
2939 2960
2940 2961
2941 2961
2942 2962
2943 2963
2944 2964
2945 2965
2946 2966
2947 2967
2948 2968
2949 2969
2950 2970
2951 2971
2952 2973
2953 2974
2954 2975
2955 2976
2956 2977
2957 2978
2958 2979
2959 2980
2960 2981
2961 2982
2962 2983
2963 2984
2964 2985
2965 2986
2966 2987
2967 2988
2968 2989
2969 2991
2970 2992
2971 2993
2972 2994
2973 2995
2975 2996
2976 2997
2977 2998
2978 2999
2979 2999
2980 3000
2981 3001
2982 3002
2983 3003
2984 3004
2985 3005
2986 3006
2987 3008
2988 3009
2989 3010
2990 3011
2991 3012
2992 3013
2993 3014
2994 3015
2995 3016
2996 3017
2997 3018
2998 3019
2999 3020
3000 3021
3001 3022
3002 3023
3003 3025
3004 3026
3005 3027
3006 3028
3007 3029
3008 3030
3009 3031
3010 3032
3011 3032
3012 3033
3013 3034
3014 3035
3015 3036
3016 3037
3018 3038
3019 3039
3020 3041
3021 3042
3022 3043
3023 3044
3024 3045
3025 3046
3026 3047
3027 3048
3028 3049
3029 3050
3030 3051
3031 3052
3032 3053
3033 3054
3034 3055
3035 3056
3036 3058
3037 3059
3038 3060
3039 3061
3040 3061
3041 3062
3042 3063
3043 3064
3044 3065
3045 3066
3046 3067
3047 3068
3048 3069
3049 3070
3050 3071
3051 3073
3052 3074
3053 3075
3054 3076
3055 3077
3056 3078
3057 3079
3058 3080
3059 3081
3061 3082
3062 3083
3063 3084
3064 3085
3065 3086
3066 3086
3067 3087
3068 3089
3069 3090
3070 3091
3071 3092
3072 3093
3073 3094
3074 3095
3075 3096
3076 3097
3077 3098
3078 3099
3079 3100
3080 3101
3081 3102
3082 3104
3083 3105
3084 3106
3085 3107
3086 3108
3087 3109
3088 3110
3089 3111
3090 3111
3091 3112
3092 3113
3093 3114
3094 3115
3095 3116
3096 3117
3097 3119
3098 3120
3099 3121
3100 3122
3101 3123
3102 3124
3104 3125
3105 3126
3106 3127
3107 3128
3108 3129
3109 3130
3110 3131
3111 3133
3112 3133
3113 3134
3114 3135
3115 3136
3116 3137
3117 3138
3118 3139
3119 3140
3120 3141
3121 3142
3122 3143
3123 3144
3124 3145
3125 3146
3126 3148
3127 3149
3128 3150
3129 3151
3130 3152
3131 3153
3132 3154
3133 3154
3134 3155
3135 3156
3136 3157
3137 3158
3138 3159
3139 3160
3140 3162
3141 3163
3142 3164
3143 3165
3144 3166
3145 3167
3147 3168
3148 3169
3149 3170
3150 3171
3151 3172
3152 3173
3153 3173
3154 3174
3155 3176
3156 3177
3157 3178
3158 3179
3159 3180
3160 3181
3161 3182
3162 3183
3163 3184
3164 3185
3165 3186
3166 3187
3167 3189
3168 3190
3169 3191
3170 3192
3171 3193
3172 3193
3173 3194
3174 3195
3175 3196
3176 3197
3177 3198
3178 3199
3179 3200
3180 3201
3181 3203
3182 3204
3183 3205
3184 3206
3185 3207
3186 3208
3187 3209
3188 3210
3190 3210
3191 3211
3192 3212
3193 3213
3194 3214
3195 3216
3196 3217
3197 3218
3198 3219
3199 3220
3200 3221
3201 3222
3202 3223
3203 3224
3204 3225
3205 3226
3206 3227
3207 3227
3208 3229
3209 3230
3210 3231
3211 3232
3212 3233
3213 3234
3214 3235
3215 3236
3216 3237
3217 3238
3218 3239
3219 3240
3220 3242
3221 3243
3222 3244
3223 3245
3224 3245
3225 3246
3226 3247
3227 3248
3228 3249
3229 3250
3230 3251
3231 3252
3233 3253
3234 3255
3235 3256
3236 3257
3237 3258
3238 3259
3239 3260
3240 3261
3241 3261
3242 3262
3243 3263
3244 3264
3245 3265
3246 3267
3247 3268
3248 3269
3249 3270
3250 3271
3251 3272
3252 3273
3253 3274
3254 3275
3255 3276
3256 3276
3257 3277
3258 3279
3259 3280
3260 3281
3261 3282
3262 3283
3263 3284
3264 3285
3265 3286
3266 3287
3267 3288
3268 3289
3269 3290
3270 3292
3271 3292
3272 3293
3273 3294
3274 3295
3276 3296
3277 3297
3278 3298
3279 3299
3280 3300
3281 3301
3282 3302
3283 3304
3284 3305
3285 3306
3286 3306
3287 3307
3288 3308
3289 3309
3290 3310
3291 3311
3292 3312
3293 3313
3294 3314
3295 3316
3296 3317
3297 3318
3298 3319
3299 3320
3300 3320
3301 3321
3302 3322
3303 3323
3304 3324
3305 3325
3306 3327
3307 3328
3308 3329
3309 3330
3310 3331
3311 3332
3312 3333
3313 3334
3314 3334
3315 3335
3316 3336
3317 3337
3318 3339
3320 3340
3321 3341
3322 3342
3323 3343
3324 3344
3325 3345
3326 3346
3327 3347
3328 3347
3329 3348
3330 3349
3331 3351
3332 3352
3333 3353
3334 3354
3335 3355
3336 3356
3337 3357
3338 3358
3339 3359
3340 3360
3341 3360
3342 3362
3343 3363
3344 3364
3345 3365
3346 3366
3347 3367
3348 3368
3349 3369
3350 3370
3351 3371
3352 3373
3353 3374
3354 3374
3355 3375
3356 3376
3357 3377
3358 3378
3359 3379
3360 3380
3361 3381
3363 3382
3364 3384
3365 3385
3366 3386
3367 3387
3368 3387
3369 3388
3370 3389
3371 3390
3372 3391
3373 3392
3374 3393
3375 3395
3376 3396
3377 3397
3378 3398
3379 3399
3380 3399
3381 3400
3382 3401
3383 3402
3384 3403
3385 3404
3386 3406
3387 3407
3388 3408
3389 3409
3390 3410
3391 3411
3392 3411
3393 3412
3394 3413
3395 3414
3396 3415
3397 3417
3398 3418
3399 3419
3400 3420
3401 3421
3402 3422
3403 3423
3404 3423
3406 3424
3407 3425
3408 3426
3409 3428
3410 3429
3411 3430
3412 3431
3413 3432
3414 3433
3415 3434
3416 3434
3417 3435
3418 3436
3419 3437
3420 3439
3421 3440
3422 3441
3423 3442
3424 3443
3425 3444
3426 3445
3427 3446
3428 3446
3429 3447
3430 3449
3431 3450
3432 3451
3433 3452
3434 3453
3435 3454
3436 3455
3437 3456
3438 3457
3439 3457
3440 3458
3441 3460
3442 3461
3443 3462
3444 3463
3445 3464
3446 3465
3447 3466
3449 3467
3450 3468
3451 3468
3452 3470
3453 3471
3454 3472
3455 3473
3456 3474
3457 3475
3458 3476
3459 3477
3460 3478
3461 3480
3462 3480
3463 3481
3464 3482
3465 3483
3466 3484
3467 3485
3468 3486
3469 3487
3470 3488
3471 3489
3472 3491
3473 3491
3474 3492
3475 3493
3476 3494
3477 3495
3478 3496
3479 3497
3480 3498
3481 3499
3482 3501
3483 3501
3484 3502
3485 3503
3486 3504
3487 3505
3488 3506
3489 3507
3490 3508
3492 3509
3493 3511
3494 3512
3495 3512
3496 3513
3497 3514
3498 3515
3499 3516
3500 3517
3501 3518
3502 3519
3503 3521
3504 3522
3505 3522
3506 3523
3507 3524
3508 3525
3509 3526
3510 3527
3511 3528
3512 3529
3513 3531
3514 3532
3515 3532
3516 3533
3517 3534
3518 3535
3519 3536
3520 3537
3521 3538
3522 3540
3523 3541
3524 3542
3525 3542
3526 3543
3527 3544
3528 3545
3529 3546
3530 3547
3531 3548
3532 3550
3533 3551
3535 3552
3536 3552
3537 3553
3538 3554
3539 3555
3540 3556
3541 3557
3542 3558
3543 3560
3544 3561
3545 3562
3546 3562
3547 3563
3548 3564
3549 3565
3550 3566
3551 3567
3552 3569
3553 3570
3554 3571
3555 3572
3556 3572
3557 3573
3558 3574
3559 3575
3560 3576
3561 3577
3562 3579
3563 3580
3564 3581
3565 3581
3566 3582
3567 3583
3568 3584
3569 3585
3570 3586
3571 3588
3572 3589
3573 3590
3574 3591
3575 3591
3576 3592
3578 3593
3579 3594
3580 3595
3581 3596
3582 3598
3583 3599
3584 3600
3585 3600
3586 3601
3587 3602
3588 3603
3589 3604
3590 3605
3591 3607
3592 3608
3593 3609
3594 3609
3595 3610
3596 3611
3597 3612
3598 3613
3599 3614
3600 3615
3601 3617
3602 3618
3603 3618
3604 3619
3605 3620
3606 3621
3607 3622
3608 3623
3609 3624
3610 3626
3611 3627
3612 3628
3613 3628
3614 3629
3615 3630
3616 3631
3617 3632
3618 3633
3619 3635
3621 3636
3622 3637
3623 3637
3624 3638
3625 3639
3626 3640
3627 3641
3628 3642
3629 3644
3630 3645
3631 3645
3632 3646
3633 3647
3634 3648
3635 3649
3636 3650
3637 3651
3638 3653
3639 3654
3640 3654
3641 3655
3642 3656
3643 3657
3644 3658
3645 3659
3646 3660
3647 3662
3648 3663
3649 3663
3650 3664
3651 3665
3652 3666
3653 3667
3654 3668
3655 3669
3656 3671
3657 3672
3658 3672
3659 3673
3660 3674
3661 3675
3662 3676
3664 3677
3665 3678
3666 3680
3667 3680
3668 3681
3669 3682
3670 3683
3671 3684
3672 3685
3673 3686
3674 3687
3675 3689
3676 3689
3677 3690
3678 3691
3679 3692
3680 3693
3681 3694
3682 3695
3683 3696
3684 3696
3685 3698
3686 3699
3687 3700
3688 3701
3689 3702
3690 3703
3691 3704
3692 3706
3693 3706
3694 3707
3695 3708
3696 3709
3697 3710
3698 3711
3699 3712
3700 3713
3701 3713
3702 3715
3703 3716
3704 3717
3705 3718
3706 3719
3708 3720
3709 3721
3710 3721
3711 3722
3712 3724
3713 3725
3714 3726
3715 3727
3716 3728
3717 3729
3718 3729
3719 3730
3720 3732
3721 3733
3722 3734
3723 3735
3724 3736
3725 3737
3726 3738
3727 3738
3728 3739
3729 3741
3730 3742
3731 3743
3732 3744
3733 3745
3734 3746
3735 3746
3736 3747
3737 3749
3738 3750
3739 3751
3740 3752
3741 3753
3742 3754
3743 3754
3744 3755
3745 3756
3746 3758
3747 3759
3748 3760
3749 3761
3751 3762
3752 3762
3753 3763
3754 3764
3755 3766
3756 3767
3757 3768
3758 3769
3759 3769
3760 3770
3761 3771
3762 3772
3763 3773
3764 3775
3765 3776
3766 3777
3767 3777
3768 3778
3769 3779
3770 3780
3771 3781
3772 3783
3773 3784
3774 3785
3775 3785
3776 3786
3777 3787
3778 3788
3779 3789
3780 3791
3781 3792
3782 3793
3783 3793
3784 3794
3785 3795
3786 3796
3787 3797
3788 3799
3789 3800
3790 3800
3791 3801
3792 3802
3794 3803
3795 3804
3796 3805
3797 3806
3798 3808
3799 3808
3800 3809
3801 3810
3802 3811
3803 3812
3804 3813
3805 3814
3806 3816
3807 3816
3808 3817
3809 3818
3810 3819
3811 3820
3812 3821
3813 3822
3814 3822
3815 3824
3816 3825
3817 3826
3818 3827
3819 3828
3820 3829
3821 3830
3822 3830
3823 3832
3824 3833
3825 3833
3826 3833
3827 3833
3828 3833
3829 3833
3830 3833
3831 3833
3832 3833
3833 3833
3834 3833
3835 3833
3837 3833
3838 3833
3839 3833
3840 3833
3841 3833
3842 3833
3843 3833
3844 3833
3845 3833
3846 3833
3847 3833
3848 3833
3849 3833
3850 3833
3851 3833
3852 3833
3853 3833
3854 3833
3855 3833
3856 3833
3857 3833
3858 3833
3859 3833
3860 3833
3861 3833
3862 3833
3863 3833
3864 3833
3865 3833
3866 3833
3867 3833
3868 3833
3869 3833
3870 3833
3871 3833
3872 3833
3873 3833
3874 3833
3875 3833
3876 3833
3877 3833
3878 3833
3880 3833
3881 3833
3882 3833
3883 3833
3884 3833
3885 3833
3886 3833
3887 3833
3888 3833
3889 3833
3890 3833
3891 3833
3892 3833
3893 3833
3894 3833
3895 3833
3896 3833
3897 3833
3898 3833
3899 3833
3900 3833
3901 3833
3902 3833
3903 3833
3904 3833
3905 3833
3906 3833
3907 3833
3908 3833
3909 3833
3910 3833
3911 3833
3912 3833
3913 3833
3914 3833
3915 3833
3916 3833
3917 3833
3918 3833
3919 3833
3920 3833
3921 3833
3923 3833
3924 3833
3925 3833
3926 3833
3927 3833
3928 3833
3929 3833
3930 3833
3931 3833
3932 3833
3933 3833
3934 3833
3935 3833
3936 3833
3937 3833
3938 3833
3939 3833
3940 3833
3941 3833
3942 3833
3943 3833
3944 3833
3945 3833
3946 3833
3947 3833
3948 3833
3949 3833
3950 3833
3951 3833
3952 3833
3953 3833
3954 3833
3955 3833
3956 3833
3957 3833
3958 3833
3959 3833
3960 3833
3961 3833
3962 3833
3963 3833
3964 3833
3966 3833
3967 3833
3968 3833
3969 3833
3970 3833
3971 3833
3972 3833
3973 3833
3974 3833
3975 3833
3976 3833
3977 3833
3978 3833
3979 3833
3980 3833
3981 3833
3982 3833
3983 3833
3984 3833
3985 3833
3986 3833
3987 3833
3988 3833
3989 3833
3990 3833
3991 3833
3992 3833
3993 3833
3994 3833
3995 3833
3996 3833
3997 3833
3998 3833
3999 3833
4000 3833
4001 3833
4002 3833
4003 3833
4004 3833
4005 3833
4006 3833
4007 3833
4009 3833
4010 3833
4011 3833
4012 3833
